,mean_temp
9261,16.0
5376,14.6
12578,12.9
927,17.0
14109,17.6
7439,12.2
7724,9.4
10269,8.9
1056,12.9
13159,6.3
4643,16.8
10850,14.5
5405,6.0
3995,4.0
12179,7.9
7562,14.8
9978,13.6
10289,7.6
9025,19.8
12751,8.9
9558,1.8
1270,17.0
3322,6.3
566,15.0
13196,5.7
1989,15.6
1402,12.5
2473,12.4
12023,6.8
14784,20.9
8999,22.0
8791,8.6
4398,2.6
12203,19.1
13265,8.5
10981,3.1
4105,6.8
12150,8.5
14149,16.4
10514,13.7
8136,9.0
13015,13.6
9950,12.0
5049,7.0
5859,8.7
3210,11.5
7809,11.8
4990,15.6
7200,16.5
13639,13.3
7001,11.6
7645,10.2
7044,3.5
1226,12.2
10334,11.4
3325,5.4
1562,5.2
8604,17.4
1087,-1.6
15155,16.9
937,18.2
12637,18.9
3474,15.6
10119,18.6
13691,16.6
4073,9.0
4526,13.2
9699,17.2
15193,23.9
4936,16.4
6844,16.5
903,15.8
8651,15.4
10542,4.2
14934,4.8
8725,10.2
10050,18.4
6480,15.4
1659,23.1
7921,17.6
2807,12.3
8520,10.1
4671,13.6
2760,13.7
4387,6.2
6385,18.8
6723,15.5
1350,17.6
9554,1.8
14167,15.3
4972,16.8
1624,12.8
2025,20.2
4716,7.8
102,12.8
3501,15.4
2512,4.0
12715,12.1
7213,15.4
11626,10.9
12029,8.0
251,18.5
736,2.4
3948,14.6
2614,-0.6
7781,11.8
1493,3.8
9819,3.4
2227,5.2
7704,7.8
13994,6.0
3838,21.3
3334,4.8
2344,16.4
12343,12.7
10987,4.4
11818,13.5
10163,14.7
1957,8.8
12575,15.7
12542,12.5
7187,17.4
11318,5.9
6829,16.6
3980,2.4
2145,3.0
13171,2.1
10506,12.3
10126,17.2
11102,18.2
150,13.8
9316,14.9
10354,15.2
3689,11.8
932,20.4
12942,18.8
9559,1.6
3043,8.8
13178,3.9
12176,8.8
14752,16.9
11520,17.5
8460,3.6
10669,4.6
9526,6.9
11272,7.9
8709,11.0
6908,8.6
6914,5.5
14757,13.8
7760,7.5
387,6.1
7981,9.2
14690,9.9
7315,1.9
6983,13.2
6145,9.6
4010,8.8
6955,7.9
5196,5.6
3669,8.8
6389,14.6
11418,10.9
3297,4.4
8686,8.6
3668,9.0
8309,16.8
14715,11.7
2312,9.7
10460,16.0
10362,13.2
1606,11.2
4397,2.3
9060,6.3
9355,20.9
3463,19.0
10302,12.0
13514,5.6
88,5.5
14484,18.4
6499,10.6
11674,-3.2
8233,16.7
4097,10.4
12432,1.6
11604,16.4
2448,13.2
4638,16.4
339,11.7
6521,6.3
9372,15.4
7887,18.2
9822,4.4
9096,5.5
14664,9.8
4040,9.8
15150,24.6
5106,0.8
9574,13.1
764,5.3
12349,12.9
5613,15.0
12709,14.3
15297,13.5
2236,-2.5
1889,3.6
1799,4.5
15331,11.7
10162,13.4
1720,15.0
12488,0.2
2813,13.4
3684,3.1
3469,17.5
511,13.6
6177,6.0
6872,6.6
4900,17.5
99,11.8
6237,1.1
7726,5.2
6050,22.3
4955,18.0
15149,20.2
7456,16.5
1935,13.2
379,-0.1
7234,16.6
1533,9.5
5363,17.6
2559,3.5
4659,11.5
2957,9.0
5071,7.6
8796,0.6
850,12.9
5050,7.3
14945,3.4
4618,17.8
8950,16.8
6584,0.4
5344,19.2
6444,18.2
7728,8.6
5267,15.4
8198,15.2
14095,18.9
15036,7.0
6562,8.2
1953,8.3
7063,9.5
12944,18.0
14845,21.9
12836,8.3
3559,11.3
47,-1.2
7571,17.5
10895,5.0
2154,10.4
4935,18.4
4100,10.8
13580,4.0
11802,15.9
7652,2.0
14203,8.4
9808,13.6
6759,15.0
9826,3.3
4561,15.7
6351,11.8
8499,6.9
3371,9.6
5651,18.6
12085,-0.6
10656,3.5
3643,10.8
1310,22.0
14062,19.0
10208,9.6
5437,2.0
2943,5.2
8657,17.2
12514,5.4
13375,17.5
476,7.8
6933,10.4
10588,10.7
11734,6.4
411,6.0
13091,8.9
4414,3.4
9901,3.2
8582,15.0
10997,3.4
5318,17.6
11319,1.7
4442,4.6
10510,11.8
15283,6.7
13935,7.8
8045,3.8
8408,4.2
13360,15.7
10424,17.8
2140,12.0
1805,-0.9
9270,17.6
15047,9.3
8948,17.4
1254,21.0
5838,8.7
5804,9.5
1061,9.2
9097,5.3
9515,6.9
4329,5.6
1213,12.0
2546,11.3
8587,17.0
9505,8.8
4881,15.8
4901,16.6
3678,6.6
7586,15.0
13626,9.7
3919,17.6
5186,11.4
3941,13.4
9910,4.8
4469,8.4
2232,-2.6
6066,24.0
6860,9.2
6920,7.2
9864,7.5
2254,6.8
3260,5.9
3111,17.6
3889,18.6
4115,7.0
7087,12.8
10781,16.1
11755,6.8
7890,19.4
149,16.1
6421,20.5
10043,23.0
6605,4.4
1119,2.9
15085,12.1
11160,19.0
2021,17.0
12508,1.8
13743,20.0
9305,15.2
3087,12.2
14020,14.7
4874,13.2
13790,12.0
9296,21.8
169,19.0
5163,7.0
15339,2.7
4315,12.0
3077,11.7
14515,14.8
1655,23.4
6672,10.1
13166,2.6
13127,5.0
11705,5.6
1617,14.4
5900,4.4
12858,13.0
925,18.5
13752,22.4
6133,15.4
6302,4.2
13527,3.8
9963,8.6
9371,15.8
3902,19.8
12664,20.1
14279,4.0
14118,21.1
3658,6.8
4149,13.0
351,5.3
11668,3.3
10130,16.5
8764,9.8
10062,25.6
11903,19.1
8109,7.5
8156,8.8
9673,17.0
12576,15.1
14253,6.3
12697,14.2
6661,8.8
3422,17.2
9584,8.0
10945,7.3
8159,9.6
10777,16.2
15188,21.7
4866,10.6
14932,2.5
8797,3.2
7379,9.2
8710,12.8
9742,20.6
6216,9.7
5340,19.2
542,15.2
5967,18.0
914,14.0
907,12.2
4246,15.4
4062,5.6
7046,6.2
10923,8.6
14732,11.4
3527,16.8
2337,17.0
4625,20.8
6224,6.2
1598,11.8
5459,6.8
3800,14.2
10474,18.2
9320,15.6
10543,6.2
5397,14.7
1107,-0.6
15086,13.5
8603,16.4
1086,0.5
8247,21.6
5479,3.7
10689,4.6
2183,8.0
6192,3.4
895,19.8
3366,9.9
10884,11.4
7665,3.2
3207,11.1
7785,13.0
4170,14.3
12424,7.3
15273,10.2
14901,12.7
11751,4.5
13480,6.7
8254,17.3
2864,6.8
4768,1.8
9743,23.0
4902,16.2
8573,16.2
3623,3.2
2771,13.6
11385,5.0
15055,7.4
9629,12.2
4341,5.7
13602,8.6
6850,15.1
15206,17.2
4639,19.0
13944,6.6
1547,4.0
4110,5.2
13361,15.5
10804,20.9
4705,6.3
11219,18.3
4985,19.1
6325,13.4
8138,7.9
7654,4.4
6977,6.0
9981,9.8
5794,11.7
7463,12.0
5194,10.4
15257,10.6
11194,17.3
9238,11.2
1326,14.4
4274,16.2
12596,16.3
6994,8.2
7969,10.8
10191,10.5
2519,3.9
1475,8.8
2683,10.0
7702,8.2
9263,11.1
6843,17.6
8663,16.6
6422,17.8
2906,4.4
1611,17.0
13842,8.6
15056,7.4
5921,6.2
10502,
7013,8.0
884,14.8
12850,11.4
8054,-0.9
9611,10.4
735,2.0
9349,21.6
15088,15.3
758,7.2
1393,9.0
8546,11.4
2357,11.6
12158,6.5
2498,3.0
2150,6.4
10171,7.4
7828,14.6
3289,7.9
1489,7.0
7307,8.8
5920,7.6
12202,19.1
11188,21.5
293,10.6
2726,17.0
8986,26.6
11997,10.4
3898,13.2
5271,19.8
14983,11.5
487,11.4
290,12.2
3169,16.2
12531,15.0
8145,5.6
101,10.1
8380,3.8
9464,7.4
1323,18.4
3509,16.3
8944,16.6
14505,20.0
14967,9.8
9129,3.4
8679,15.0
286,13.1
13930,13.0
14984,7.1
3341,3.7
9285,16.0
10365,13.6
4292,15.2
12901,14.0
14155,12.9
11320,1.9
6664,9.7
11323,1.6
11630,16.0
4462,10.7
13899,3.0
6247,1.9
4486,9.2
12708,13.9
5146,7.0
13232,5.3
4245,17.6
13859,6.9
15194,26.2
3910,16.6
5736,10.6
4999,12.8
15124,17.7
10770,17.2
13740,19.6
357,2.7
9711,19.2
11518,18.2
1962,12.8
6473,14.6
5349,13.8
5155,3.0
4229,21.2
2701,13.0
8446,4.2
7759,6.6
836,10.0
1163,5.9
11133,20.7
8086,4.0
6820,17.0
1744,11.0
5657,20.7
12918,14.9
15326,8.9
12284,24.0
9381,20.8
5140,5.5
9045,12.8
6369,16.8
10746,15.2
4189,13.6
10722,19.8
8459,6.7
9159,0.9
9509,5.0
6510,14.8
12485,9.4
15226,20.9
11316,4.9
1006,8.2
4747,7.2
13147,0.8
15060,7.5
1984,16.9
828,11.7
13826,2.8
8348,3.9
6461,15.8
5853,8.4
11273,11.0
12318,11.5
13425,12.7
5826,4.8
13481,8.8
7782,11.5
5205,6.3
2380,18.4
15216,13.8
4087,12.0
1123,3.0
11942,18.6
3827,19.0
8598,17.5
1747,12.2
304,10.0
11143,20.4
9525,6.0
6927,8.3
4441,5.8
2009,14.5
6440,24.0
7556,17.3
7831,14.4
10628,9.0
3063,9.7
11741,8.1
8873,15.6
11715,1.3
13370,19.9
8881,12.3
14375,12.2
14578,9.0
1010,11.4
8589,17.0
7484,15.4
4622,19.2
13459,15.4
4119,12.8
3745,6.0
7660,7.1
6271,6.1
10990,-1.0
5129,11.2
1522,7.6
2919,9.1
2189,2.0
14783,18.7
11885,16.0
7417,9.7
5787,11.6
10766,16.0
6618,6.5
9527,6.4
5719,15.3
14230,4.1
5483,5.4
7965,12.0
1453,3.8
8014,11.2
10085,16.8
11978,10.8
14480,15.8
2267,1.8
9303,13.6
3011,7.8
11408,10.4
13893,2.2
10497,12.6
1320,17.5
5893,8.4
4220,19.6
12830,6.3
10909,8.1
10943,5.5
8377,4.3
2798,13.4
14813,24.6
2308,8.6
6728,16.4
6071,24.1
4162,11.4
5508,7.7
8723,5.8
6201,4.4
11131,19.2
10012,11.0
13800,11.1
2081,17.0
1373,9.5
8272,23.4
6087,17.2
2608,-3.6
3120,15.1
11813,17.3
10836,16.0
2471,12.8
4826,9.3
3447,12.8
1730,17.2
1844,1.7
1623,16.2
6333,6.6
10068,26.3
14877,18.4
5958,14.4
5547,7.4
11159,18.2
7075,17.4
168,18.7
9529,7.2
3060,11.9
12451,4.1
5042,7.2
14192,7.6
13421,14.2
12347,11.5
434,6.0
6162,11.8
14986,10.6
3106,19.0
8237,17.7
8581,15.6
9236,9.6
2315,9.8
7558,22.5
13369,19.6
9675,20.8
7639,8.8
9546,4.5
8949,16.7
10212,4.8
12976,21.1
930,15.8
3522,15.4
46,-1.2
13966,11.3
9056,10.2
373,2.6
13536,8.2
8271,23.6
1470,8.3
3704,5.5
10156,14.2
11614,10.7
4455,10.2
1684,18.6
5032,10.4
5865,6.4
13449,13.9
11152,18.8
1944,10.6
5706,19.0
15037,6.0
13077,13.5
12831,6.8
11547,14.5
9271,18.2
5274,20.4
11242,12.0
6408,18.9
13777,16.6
12887,10.9
13726,18.0
9027,17.8
7501,17.0
8184,16.8
6291,11.0
8937,18.4
9935,6.8
9725,20.4
1022,9.7
9143,7.6
6508,12.2
15001,8.5
7077,15.8
200,17.6
2848,10.5
13879,4.6
3571,8.8
468,13.6
4333,12.1
8431,9.1
7085,14.0
7517,24.6
431,6.0
3971,8.9
13424,12.5
2450,14.1
8216,19.4
13261,11.9
4400,7.6
2996,5.0
6757,14.5
280,16.3
2459,16.4
13023,19.6
8833,10.6
1121,7.4
6390,16.6
5403,6.0
708,2.4
7881,19.2
6266,4.6
6455,18.3
518,13.8
10220,6.0
439,3.6
3698,8.2
8877,11.6
5847,1.2
259,15.4
5396,12.4
9538,8.9
8085,3.5
3045,7.2
11538,17.4
902,14.4
5023,13.3
7182,17.0
27,0.0
5282,16.4
7283,8.6
5527,5.6
7822,14.6
1199,8.6
9727,16.8
12862,10.4
14621,8.7
5612,15.8
4181,12.3
3016,9.0
10891,10.8
11959,20.4
1807,2.8
1748,11.2
11224,15.1
7535,16.2
13720,19.4
11679,0.6
13705,20.3
10650,6.7
3098,16.7
5224,13.8
5407,6.3
4461,11.7
5228,12.3
11315,0.8
3996,3.9
3274,8.0
10783,17.0
2319,12.5
12450,6.2
2157,6.8
14713,5.5
12552,9.8
1632,17.7
10907,9.5
10025,20.8
2119,11.2
9034,13.8
8836,7.4
1534,5.6
14756,14.5
12268,17.9
14684,11.4
6118,13.6
11507,18.8
3021,7.4
13146,1.2
5369,14.4
7666,3.4
11256,13.6
9929,9.8
13854,6.2
7401,9.6
4720,6.4
12077,7.1
4230,23.8
8214,18.8
1697,19.8
15125,17.8
10113,17.3
2677,12.4
13049,13.5
7163,19.4
2444,17.0
123,4.4
13533,1.2
11975,11.7
7051,15.9
10825,18.4
6505,14.6
8265,20.4
3154,23.5
273,14.3
9450,6.1
3589,7.4
4450,10.1
13551,7.7
11592,13.3
5292,18.3
2921,8.9
6725,16.7
9199,5.4
12354,5.0
10337,12.6
13991,12.9
7720,3.8
12041,5.7
9608,11.3
12232,22.2
794,4.7
9906,8.8
4410,3.8
8814,1.2
4075,6.2
2310,7.8
12658,18.5
5664,17.3
1766,13.9
10545,4.8
5871,5.7
4794,4.6
9418,11.6
13270,11.0
2020,17.2
8344,8.2
2680,11.0
14714,9.8
19,3.1
13937,8.2
12181,14.0
9498,5.6
13011,16.7
9487,6.7
11144,18.6
13805,11.8
10691,6.4
7752,10.0
15043,7.8
3651,7.4
13617,11.2
5513,7.1
657,7.0
11391,4.1
8817,6.2
5896,6.9
10031,18.6
2034,21.6
2323,9.3
11266,10.3
2684,10.8
5981,9.2
1034,11.2
12340,7.4
10609,10.3
2214,2.0
13561,3.6
3635,7.6
13712,22.6
14546,5.7
12781,5.1
11948,12.2
2629,6.2
11764,5.4
13399,13.3
8008,10.2
6597,6.3
12190,11.1
11711,6.5
11177,18.6
12898,11.1
6517,14.0
4983,14.8
3660,9.0
1035,12.6
862,14.3
13895,4.8
12363,5.4
2856,11.4
6270,5.4
3679,8.0
4193,19.2
188,18.0
4123,7.2
2595,-1.1
6433,17.2
11652,0.2
3233,6.8
608,15.4
12603,18.7
14517,10.5
5778,8.8
11423,10.5
14007,9.8
1372,11.8
8784,7.3
10151,13.8
11598,15.0
218,19.6
8191,15.0
360,6.9
11267,10.2
10219,4.6
13587,7.6
327,4.4
14719,16.4
13272,15.0
5908,5.4
8625,19.4
8019,4.6
13675,18.8
8929,17.1
15291,11.5
8637,18.4
9318,17.4
13983,10.8
2128,14.8
14728,10.8
8626,20.2
10041,19.0
3577,13.8
4779,1.2
12461,1.6
9758,16.2
13660,14.4
9862,6.1
8719,10.0
10280,9.6
13211,6.2
11995,14.2
7671,7.9
13045,20.4
9709,17.8
13943,8.3
5566,13.0
4216,20.8
10784,17.3
2676,9.6
12670,11.6
2184,8.2
5030,10.4
4754,9.1
11004,7.6
5070,6.5
14799,20.6
2562,1.5
5890,7.6
2769,15.6
3323,4.3
4764,1.2
10671,6.0
6890,5.4
4294,11.1
9706,19.0
1530,7.0
5888,8.5
3269,1.5
8765,7.3
11082,
6834,16.3
15080,10.8
4202,14.7
1688,19.8
13936,10.4
5861,6.5
12752,7.2
5020,16.2
4043,5.2
14458,22.2
12319,11.7
7716,4.7
5400,9.4
13511,11.5
8910,13.4
10329,13.5
14928,6.5
7765,6.4
2991,3.2
14672,7.2
9313,15.6
4129,12.2
4338,14.4
385,4.8
14052,21.1
7779,11.4
6560,6.7
10776,16.6
311,6.8
14852,18.6
7711,5.2
4785,5.7
8492,13.0
8898,8.4
13540,11.3
10286,7.8
4649,16.4
7589,9.8
1053,8.4
12957,20.1
1869,2.8
9564,6.6
12465,6.9
7444,16.6
13852,4.4
9385,19.2
353,3.4
15307,7.6
7475,16.7
8973,19.0
2095,12.0
5206,6.0
8153,11.2
4393,5.5
14598,9.5
14,3.8
12243,16.6
9481,10.4
533,13.8
12561,8.7
13646,18.1
1411,10.4
4013,6.4
14685,7.1
12580,13.3
8354,4.8
9881,8.6
14367,10.8
5909,3.9
13824,4.8
1911,8.0
568,15.6
2002,17.8
6848,20.8
31,5.2
8000,8.9
121,4.6
5623,12.1
9090,9.5
4375,8.8
10566,11.8
12729,10.2
732,8.2
6810,22.0
12117,6.8
79,5.7
2099,14.4
5512,6.4
410,9.4
11433,7.9
1370,15.1
9035,14.0
8122,8.8
13311,19.2
5035,7.2
8730,8.2
9315,15.8
5697,20.4
10290,9.0
9430,10.0
12723,13.2
12497,4.3
2122,12.2
14185,7.5
9230,7.8
5080,5.3
10148,14.0
4914,20.6
13847,3.2
11243,10.5
4130,12.4
15280,13.7
14189,6.5
12339,9.6
9357,20.3
11656,0.7
12102,3.7
6800,20.5
8166,19.4
9128,2.4
12411,10.0
8454,6.0
15237,18.9
3025,9.0
6161,9.9
2704,10.8
2518,5.2
7947,14.5
10064,24.6
3881,17.6
14353,19.9
3837,18.6
2088,15.2
10054,20.2
3467,17.8
14114,19.1
455,8.4
5597,16.0
13437,12.2
2086,14.5
14407,15.7
7342,3.6
9455,2.5
14395,18.7
9363,18.0
14804,18.0
4977,16.4
5180,8.4
4147,11.1
11828,15.1
13569,2.6
5805,12.0
8165,16.0
10791,17.0
8822,9.8
173,14.9
10509,13.8
50,1.6
11588,16.3
15256,
10762,17.4
7286,10.9
399,5.8
749,4.2
15207,21.0
6248,2.6
2678,15.0
6176,10.0
4903,13.4
12548,14.0
13089,14.3
12167,10.5
1039,6.6
3717,13.2
1139,9.0
2796,12.6
13993,9.2
5729,15.4
8742,3.7
7337,7.6
9696,18.5
5688,19.7
5309,18.3
9260,12.8
6561,8.2
5712,21.2
14560,11.9
1739,13.3
15132,10.9
3821,19.8
7613,10.8
11457,12.0
11071,13.8
4489,5.2
14036,13.8
15174,20.7
2998,5.5
5992,15.4
8240,17.9
1225,10.8
1358,18.1
4012,7.2
3441,12.8
2039,18.4
12879,13.6
9693,19.4
4682,10.8
2481,12.2
10405,13.9
5350,12.5
4201,14.0
0,-4.1
10839,16.2
3314,6.3
3445,13.1
9376,18.4
3592,5.4
12705,10.3
3372,8.3
6498,11.6
14141,12.3
13576,6.2
12389,4.2
6350,11.9
3013,7.2
12671,13.1
1593,12.0
10751,
9272,12.2
1346,15.0
9921,1.4
4139,17.6
3418,10.8
14768,15.6
2495,7.3
13415,15.7
8887,12.0
5998,13.9
14133,15.4
2662,7.8
2589,3.2
12114,7.5
14634,6.1
12472,1.3
5553,6.7
624,17.5
5012,15.4
13038,18.2
7874,15.9
8700,12.6
8396,4.2
6959,3.2
13336,19.7
11233,14.7
6798,23.8
13901,1.1
10056,18.2
15186,21.3
11087,12.6
5465,9.7
1768,9.8
4962,18.4
8,3.7
1722,15.0
3105,18.0
9605,9.5
11058,10.0
15285,6.8
13090,9.9
450,7.0
10489,16.7
8157,10.9
8149,8.8
13027,15.8
12691,16.4
4313,12.4
9224,10.5
14510,11.9
7756,7.1
7040,6.3
9391,16.6
181,13.8
7386,10.8
1321,14.8
4448,11.4
3755,10.5
9396,15.0
5058,11.4
13672,18.6
12762,4.9
9304,15.0
12842,5.1
6167,5.0
1683,18.6
6518,12.2
2231,-0.2
2342,13.2
12492,5.6
6083,15.6
13831,8.4
3820,21.0
8726,9.6
10796,22.0
3817,21.4
1580,11.4
772,1.8
10577,2.9
2935,-4.7
284,14.6
14686,7.5
3184,18.4
394,7.6
6013,17.9
326,8.8
9216,5.5
14583,8.4
4606,18.1
14460,24.3
15249,13.7
8805,7.8
3069,13.4
4407,2.2
5294,20.2
11379,7.3
2126,7.0
2201,-0.2
12826,6.0
8040,7.2
5137,8.5
1261,13.4
5284,15.0
1662,17.7
9453,10.0
3283,12.1
9919,4.3
5770,11.2
1418,7.6
5216,8.8
5422,13.8
1714,11.6
3386,3.8
7838,19.5
9926,3.4
8926,18.8
10801,23.0
3963,7.8
9118,5.4
3015,8.5
2215,2.7
1433,6.3
4074,9.4
12082,2.4
6088,17.1
1459,6.0
9530,7.0
9237,13.2
3546,15.2
11180,20.4
2404,16.7
13577,4.8
5937,11.7
1247,20.6
977,16.0
11343,5.1
10009,13.8
13927,10.3
9389,13.6
13207,7.3
9839,3.2
4226,20.5
6598,6.4
9414,13.0
2554,-2.4
5380,12.4
4464,5.8
7539,17.4
2483,12.1
12131,7.5
3991,6.8
9248,14.9
2882,7.7
3857,24.7
10341,16.5
9511,6.8
3705,6.6
14535,13.1
1650,22.0
9701,18.4
11582,11.8
4600,19.7
15138,17.6
8374,10.2
6494,13.4
13791,14.4
13694,14.0
12088,-1.1
9351,24.5
12739,6.2
5550,9.1
15263,10.6
12105,10.3
1713,14.8
10292,9.4
3887,17.4
6630,10.8
11255,14.6
8624,18.8
8763,9.6
9871,7.0
6006,12.0
4553,14.8
9640,14.4
4404,3.9
5799,9.0
9785,14.8
8280,18.9
1217,7.4
5572,8.0
13505,10.5
12728,12.5
4877,11.4
4395,1.6
8330,11.6
9024,19.4
177,16.0
3608,9.6
8610,25.2
6902,8.0
7840,25.4
457,7.8
5331,15.6
5928,10.0
12031,2.6
2085,16.0
63,5.4
10618,8.2
12297,17.9
3495,15.8
6962,1.6
2879,11.6
13882,1.4
10615,10.5
6669,12.4
7375,8.8
15099,13.8
5642,17.0
2453,17.2
6434,18.7
12487,3.4
1454,8.5
7316,1.4
12649,17.6
10712,8.4
15024,5.9
10840,15.6
12736,7.0
5549,6.8
12888,9.2
11487,16.7
6556,3.3
9995,13.6
14318,10.7
3208,9.0
12980,20.8
795,8.7
14897,14.1
3288,10.4
5790,11.2
9407,13.4
3752,11.2
13612,9.0
633,14.4
563,13.2
4802,8.1
12021,9.2
12269,17.8
10914,8.2
11169,17.2
11766,7.7
4519,10.3
7047,6.5
10379,18.1
8284,16.2
9124,10.3
10389,19.0
9985,
8250,19.4
11971,17.9
829,14.4
6383,14.7
9626,8.4
9624,9.8
14265,5.9
6095,17.4
6435,18.8
4925,19.4
4288,13.4
11365,2.4
2271,2.6
3784,10.4
4296,15.8
10723,19.8
5749,14.2
8594,16.8
1575,11.0
407,7.3
4745,5.1
9201,4.2
5385,10.8
4684,11.2
3646,9.0
7633,12.3
9451,9.8
8441,9.6
2439,15.7
14159,13.5
6205,-1.8
14306,2.8
11452,9.4
14409,19.2
2673,12.0
12604,19.2
8802,2.2
5564,6.4
1740,14.0
8177,13.8
11326,-2.5
1385,12.2
14143,16.0
12224,17.2
683,9.1
6077,22.4
1078,1.2
9976,11.0
9628,9.6
10127,18.2
7095,14.3
11165,17.7
10411,15.8
11558,16.3
12426,9.5
7436,14.1
800,12.6
14331,7.2
747,4.2
1921,3.8
13942,9.6
2325,9.9
3984,1.4
8072,10.3
14272,9.4
7856,15.4
590,18.6
7146,16.6
8404,1.8
6987,8.8
13885,2.5
11369,3.0
3387,5.4
1491,7.0
1923,7.0
4896,21.2
11456,9.6
5858,9.5
14912,9.9
15202,18.1
10057,20.0
4045,6.2
12230,18.1
8862,5.5
7588,13.4
11638,10.8
10558,9.3
10842,15.0
473,12.8
2177,5.4
1398,12.7
11836,16.4
3429,13.0
6179,10.4
4256,20.4
4004,8.8
6950,8.1
12935,16.5
9440,8.1
2417,17.2
6107,13.2
3101,23.2
6209,3.8
12963,16.1
10788,21.4
14369,15.5
9252,11.2
14081,17.6
586,18.0
6921,4.2
5183,8.8
13781,16.5
6338,8.3
6651,11.0
7233,13.5
11998,11.4
8057,5.9
3706,4.3
3316,5.3
4342,3.7
9728,17.1
2405,15.6
10735,16.2
10731,9.6
8498,9.2
11491,16.1
11378,8.3
3205,9.3
7745,8.0
10475,19.1
12886,12.2
12523,13.2
3465,14.4
3379,9.8
3421,16.8
11539,17.3
14467,15.9
3059,10.6
13771,23.6
12228,16.3
2334,12.4
13172,0.8
993,15.4
11991,15.9
3461,17.6
5868,8.8
2531,7.9
6883,11.6
10956,-0.3
11011,9.2
6431,19.4
1071,5.2
7309,12.4
7744,7.6
811,9.4
7917,13.7
12947,19.7
3307,2.3
12440,-0.8
8180,15.6
1983,14.0
8530,13.3
15083,11.3
8934,17.2
12890,11.4
13768,15.4
751,6.6
2351,13.9
2974,4.2
1795,4.2
7912,17.6
10199,
4514,12.6
11642,3.4
14547,6.7
7458,15.0
10501,13.3
4706,5.9
11544,16.7
13123,4.3
9147,3.2
14086,18.3
8422,9.3
5608,12.6
10000,14.4
14751,16.4
13404,15.0
7862,13.0
12700,15.5
9904,4.8
8197,12.0
9413,11.6
1488,9.8
13624,9.6
8897,10.9
8829,11.2
7247,5.1
6706,11.6
12074,8.7
14452,25.9
2250,6.4
962,17.2
7826,13.4
377,0.2
1803,9.4
4506,8.6
9350,22.3
6211,5.0
1586,15.2
9390,13.3
10885,13.9
11537,17.9
1743,14.8
3903,19.3
2859,10.8
9037,12.1
2616,-1.3
12291,17.2
14072,18.3
8379,5.2
12172,10.4
13441,12.0
5792,10.8
2894,12.5
11406,12.7
8540,15.8
3,-2.6
14508,14.2
4604,22.3
6214,8.2
10310,
6253,3.9
2270,0.6
11384,4.7
5152,9.0
960,17.4
9399,10.3
6647,11.6
11170,18.1
1769,9.8
9811,13.5
9842,3.8
8627,22.6
3652,7.2
12829,7.9
7021,7.1
7503,20.8
12591,15.6
6454,18.6
10114,19.0
14463,24.2
2876,9.0
1114,6.4
5758,11.0
6503,14.2
8629,22.8
7512,17.2
3221,12.4
9425,12.2
14497,18.1
14687,9.6
13841,7.2
10234,9.4
11351,5.1
12413,6.9
6151,6.4
13335,18.1
1579,9.6
4111,3.7
8129,9.2
7662,9.7
2909,4.5
6739,15.5
14905,9.4
2301,7.8
13714,24.8
6186,2.0
5333,18.4
2054,19.4
13213,8.7
3268,3.5
6319,16.4
10393,16.5
12266,18.2
3708,3.8
2968,1.2
720,5.4
7438,14.0
970,20.7
10059,24.4
12081,3.1
6249,7.0
13408,13.8
6092,16.4
12000,12.6
388,3.5
13709,16.7
8494,13.3
14922,4.1
6832,14.6
11499,21.4
8065,2.8
315,5.6
8414,9.8
13878,1.8
4730,-2.4
1328,15.2
6954,8.5
13022,15.4
4948,19.7
8689,10.5
14695,9.0
1862,7.2
2955,6.2
4034,8.4
3014,7.1
605,18.2
4391,7.4
2626,5.7
1026,6.2
4084,9.8
10079,22.7
7743,10.8
12238,19.0
7172,19.4
6830,12.3
6634,8.2
2216,4.0
7510,22.2
1368,11.6
5610,14.6
1253,20.3
4401,4.6
8203,14.0
2069,21.6
11562,15.3
9279,13.7
5357,18.0
10765,18.2
6967,3.6
14270,5.2
8781,6.4
2348,13.0
2536,5.7
8570,16.2
2788,14.6
8674,16.0
425,7.4
2124,13.2
12463,6.4
9257,10.8
1111,2.7
4963,19.9
12404,7.1
8298,14.8
637,15.2
248,19.2
14015,19.2
13285,12.1
10957,-0.8
5327,17.9
696,3.9
10707,13.1
4301,15.7
6485,13.2
5015,14.8
8406,7.4
1236,15.6
5683,25.0
5359,16.0
4417,0.2
1516,5.6
8360,9.2
11370,5.7
12559,13.9
14533,16.4
1011,13.2
70,7.2
11286,10.6
5220,13.1
14859,14.6
4192,13.8
10481,15.8
6451,14.6
1178,6.0
11103,14.6
7275,3.6
7681,8.0
8163,11.0
5646,18.4
5121,6.0
12673,16.5
3404,9.8
9251,10.0
4708,4.4
12657,17.8
13410,15.2
11228,15.2
3909,12.6
5168,5.6
9434,13.2
41,2.4
167,17.0
7567,15.6
3248,4.8
13257,8.5
6032,20.9
6492,12.6
7144,16.6
5044,8.2
6452,13.7
11720,6.4
9089,12.0
9724,18.6
1083,-1.2
5601,13.4
5123,10.1
13461,12.4
2656,4.5
805,6.6
12804,4.9
6472,12.1
6341,10.7
11215,15.4
3437,12.8
4026,6.8
2499,7.0
13278,14.0
8359,7.0
3595,3.4
9857,1.3
12969,19.2
10713,11.0
4851,9.0
3780,14.4
2805,13.2
12147,6.4
13458,15.6
14742,11.5
6096,15.0
9622,13.4
3058,10.8
10283,8.4
9537,10.0
10854,14.0
14344,11.3
2900,3.7
8023,7.9
14326,9.9
11618,10.5
4564,17.2
14723,14.2
7020,9.6
170,19.0
11330,-2.4
217,19.2
13467,12.6
7731,5.8
12229,17.2
5079,8.4
7100,14.6
2012,19.0
13543,7.7
11920,18.8
7238,9.8
2655,7.0
8913,17.7
10124,17.2
7412,7.2
8773,-1.4
11422,12.7
13227,8.4
8278,15.1
900,12.6
12364,7.4
184,18.4
8871,17.4
2087,13.7
7199,13.3
14264,3.1
14765,15.8
11759,9.5
14726,10.2
8748,6.6
592,20.6
3479,16.2
14490,18.2
6942,9.0
15168,17.6
5148,2.4
15066,4.2
13341,18.9
538,12.8
7076,15.5
9145,5.2
5589,9.1
13378,16.8
4459,7.8
13334,19.3
9933,2.0
9055,11.0
7642,5.2
4554,16.6
10317,11.6
13405,15.8
4783,8.9
3613,0.8
10335,13.0
5945,11.5
6889,8.0
3532,14.2
9489,9.4
3819,20.8
3214,12.8
9812,8.8
4252,22.8
4560,14.7
11389,2.4
11462,16.6
9946,12.7
7277,2.6
6138,11.2
10538,12.2
465,8.6
9420,9.8
12204,16.8
8510,10.8
113,9.0
14495,14.9
7615,6.8
35,3.7
2288,9.7
5846,0.2
5458,5.2
2019,16.8
13909,6.7
868,10.9
9750,16.1
15,5.0
8021,3.6
6621,5.9
14543,10.2
10052,18.8
8863,4.4
12366,9.7
5456,8.2
4029,7.2
6112,14.4
8261,22.2
5353,14.2
4058,8.9
8295,11.0
7518,25.4
4024,6.8
8983,27.8
11430,11.4
5933,11.2
6025,18.2
4031,5.1
3942,13.8
1851,4.2
14679,6.7
12979,22.2
2791,14.6
14645,7.2
11810,10.7
8824,9.2
5332,18.8
11230,15.8
8440,11.1
6181,6.4
11682,-1.2
14600,10.4
15281,16.6
15042,11.9
7903,16.2
83,10.2
8854,12.2
9292,19.6
2452,17.4
3204,9.4
12458,3.0
1002,12.0
12865,6.1
5987,15.6
5082,10.0
4148,10.2
4064,5.4
4807,9.2
8539,15.6
535,16.0
8142,6.0
1482,5.4
11897,17.4
7492,20.2
7066,14.0
12747,5.8
8384,2.7
13019,13.2
1483,5.3
13314,16.0
14100,14.6
14206,10.2
4038,9.0
2406,15.6
2585,2.0
8288,12.8
14268,11.3
13643,19.7
1858,6.4
14953,5.8
247,16.8
3954,13.3
11325,1.2
5748,14.3
14789,24.3
11340,4.4
4353,4.8
6877,4.0
14179,11.8
14018,12.9
8382,5.6
8883,12.5
2167,8.1
3508,19.9
6536,3.6
7007,4.8
13779,17.6
8885,13.8
5375,14.0
10413,17.4
872,12.4
6557,1.9
5751,13.4
12279,21.2
135,17.4
12189,9.0
11685,6.8
3601,14.4
9666,25.2
1043,6.6
10876,14.0
1085,0.8
13044,20.3
5358,16.5
7649,8.8
2932,-4.4
3547,15.5
2112,13.2
1351,15.8
11282,11.4
11297,10.0
866,12.0
5848,4.2
10710,11.7
274,13.6
2298,11.4
8239,19.2
1147,4.0
11832,13.5
12163,8.6
13967,13.1
9038,14.9
2478,11.5
10602,8.2
8874,8.4
3615,1.8
1904,4.2
833,10.4
6298,4.0
9886,2.4
3519,17.0
15266,9.9
7317,5.4
1175,5.4
13884,1.9
8260,21.6
5477,7.2
6631,9.0
11600,14.7
2609,-2.6
2714,13.2
3299,6.7
10463,18.9
3944,15.6
8593,13.8
3795,22.6
1197,5.4
429,3.8
2993,1.0
3707,4.1
5270,18.9
11680,0.7
8098,2.8
6849,16.1
4156,12.0
3694,4.5
10299,9.1
11135,21.0
1964,11.6
14104,17.5
12006,9.3
2861,11.2
14669,9.8
14047,22.4
299,9.1
2109,13.0
2874,11.2
4842,5.8
9980,10.8
13188,5.0
10928,2.6
9156,3.4
5746,15.9
2913,2.8
14312,5.9
14849,22.3
1190,13.8
5384,10.4
14163,15.6
5767,11.2
119,8.2
10732,10.6
10017,16.5
6203,-1.4
13169,-0.5
1723,12.8
5813,7.7
6865,17.0
2360,14.0
12470,1.4
15255,12.6
12028,6.8
4817,9.4
13342,18.6
10883,10.4
14242,5.1
14506,20.2
376,0.4
3938,14.3
7142,17.8
704,6.5
7584,10.8
3955,13.0
10684,10.6
12589,19.0
6195,4.4
10525,
7093,15.4
3616,0.8
14392,20.2
1450,5.8
11782,12.8
13593,8.0
10612,11.2
9920,4.0
10865,13.6
7033,10.4
2988,2.4
5771,12.5
5493,4.9
11851,16.7
9191,2.4
10727,12.4
1934,11.1
6110,13.7
1634,17.8
8565,18.0
11020,5.8
1430,2.0
5239,9.0
8484,9.0
5836,0.0
4257,21.6
2927,4.6
6292,8.3
7958,11.7
4355,4.5
5576,7.2
2449,13.0
33,0.9
7273,4.6
11294,7.3
13352,16.9
11624,13.4
6580,1.6
2638,8.8
3703,8.0
11509,17.9
5306,12.9
1297,17.4
5568,8.8
6180,11.2
6427,19.8
11463,19.6
9781,18.4
908,12.0
11627,10.9
7708,10.4
12358,8.6
14830,21.3
3434,13.6
15102,14.5
11109,18.9
10915,8.5
10951,6.6
3425,9.4
4767,5.2
111,8.7
14355,18.0
1701,16.6
1783,6.6
2543,10.2
11137,24.2
15097,11.6
978,16.8
3035,14.8
5912,9.1
3842,16.7
5635,16.3
9953,9.6
9713,18.0
15161,20.0
8296,12.9
6306,8.4
14044,20.4
6760,16.6
9598,10.2
1408,12.8
13133,5.8
9473,8.0
10390,18.4
5756,8.4
13442,11.8
3975,9.4
4057,7.8
11070,13.6
5446,2.4
13304,19.6
6173,10.2
15081,12.1
11966,13.5
8388,2.6
396,3.2
14157,15.1
11847,13.7
9791,13.7
2366,15.4
8327,13.7
7251,13.0
10440,16.6
5716,19.6
1599,11.0
10889,12.0
3647,11.9
817,13.9
13345,20.1
5022,12.4
4852,8.5
3213,14.7
216,17.0
9747,19.8
10904,9.9
7248,5.6
13235,10.5
9532,6.0
4746,6.4
3275,9.6
12295,15.7
11403,9.2
611,17.6
1512,2.2
10237,9.1
12063,9.0
9419,9.4
13534,2.6
9402,16.5
9494,6.4
7203,17.8
14869,14.8
14956,6.7
4743,5.3
5800,11.0
8273,19.3
4665,15.8
12812,4.8
763,4.4
2751,20.2
10387,20.0
5687,17.8
11346,4.7
9635,12.0
10051,19.2
2501,7.0
2390,16.8
12280,20.5
8144,5.4
9705,20.3
7320,7.2
1621,14.6
13951,10.7
10584,4.9
14451,26.9
4870,9.0
2477,12.3
12617,24.0
3485,17.2
3194,12.4
6187,-0.9
10272,5.5
13557,3.7
10986,4.4
8071,9.4
7369,4.6
14444,21.6
2816,10.4
10648,8.6
7042,4.8
13581,3.9
11136,21.2
14750,15.2
5514,6.3
653,9.0
13475,4.6
6384,16.2
15143,17.7
15289,12.9
12779,6.3
14366,11.9
3502,15.0
9814,5.2
12635,20.3
14035,15.1
479,10.2
8093,3.9
5942,8.4
8860,12.0
103,15.2
1157,8.8
3193,10.4
10585,8.6
1383,9.0
11594,15.6
14971,8.1
12675,11.7
9209,10.2
4403,7.1
3468,19.5
647,7.8
7495,19.9
13989,10.8
3860,19.6
10608,6.7
5453,7.8
1457,4.0
11985,14.1
2954,1.8
10217,-0.2
13629,8.8
3921,15.9
3950,14.2
883,17.0
14828,19.6
543,13.7
4819,8.7
3865,15.3
5219,10.6
5099,3.8
4176,11.2
3617,2.7
6128,17.8
11270,5.8
741,2.4
9142,7.4
10768,18.0
5769,8.2
6794,24.2
2144,10.4
1880,3.3
6969,4.6
4081,8.6
12195,18.3
333,10.0
7930,16.2
11269,8.1
2286,10.8
10072,21.8
714,5.4
8201,16.6
3393,12.8
5985,13.6
4952,19.0
5849,4.8
14548,6.7
5090,6.2
4436,8.8
11999,10.6
6698,16.4
9753,20.4
14010,14.8
839,6.3
12938,13.6
10925,3.0
5169,6.2
12390,5.2
4861,11.9
14978,5.6
14256,6.6
2884,9.8
14297,3.7
5674,18.2
744,4.3
1965,10.6
10549,6.4
6489,13.0
1142,3.4
4791,7.4
11988,12.5
1206,11.6
6215,8.5
14514,15.9
14882,13.8
12258,21.8
11161,18.4
2802,14.0
3774,15.2
530,16.6
12759,6.2
12507,3.5
13920,1.8
6808,22.5
8722,5.2
9482,6.6
2525,6.0
10821,18.4
15292,11.2
8778,4.2
12253,16.7
9684,16.3
4374,9.2
6684,5.7
13130,3.6
2412,16.6
3691,8.3
12305,19.0
3721,10.3
9258,12.2
11597,13.8
4101,6.6
12844,6.0
4822,9.8
5862,6.0
13839,8.8
7646,8.3
15238,19.4
7884,18.2
6551,4.4
8521,11.0
2117,13.8
6733,18.1
7109,19.8
4168,18.3
14656,7.5
7953,9.8
1183,6.8
13916,3.5
12416,10.1
9001,22.6
5426,7.0
15076,17.1
6648,12.6
8585,14.9
7923,20.2
5474,1.6
7487,20.0
15177,16.4
6147,9.7
8223,19.0
8193,13.2
621,15.0
7152,16.8
8170,14.5
10688,3.2
13374,19.4
11117,13.4
3576,14.0
7305,9.2
9807,11.5
7229,12.2
15218,13.3
13681,15.2
5927,10.8
6148,9.6
10962,-0.6
7039,6.4
8612,19.7
14040,18.8
185,19.3
15153,18.4
13002,20.4
3165,18.1
6428,18.2
15299,5.3
7630,5.6
5922,4.9
14235,10.3
3128,14.5
4104,8.4
14313,9.8
10919,3.0
9321,15.2
5278,15.0
8206,18.2
12320,13.2
6210,4.8
4918,12.2
14439,21.9
8046,4.9
4190,15.8
1594,11.8
2534,5.0
10495,10.8
4742,5.4
7012,6.8
11564,14.4
676,2.4
12397,4.1
12124,9.3
4194,19.4
921,18.6
8413,7.2
1182,8.8
3312,6.6
13547,5.9
11209,16.8
221,15.0
558,14.6
8215,18.8
1327,14.0
7414,8.8
2456,19.7
7729,7.8
14885,9.7
3492,16.2
4429,3.5
10611,13.5
14315,9.4
10632,7.9
2331,14.8
7335,5.4
3804,10.8
2549,9.1
9806,10.8
578,18.0
4872,11.6
4630,19.9
9380,20.4
5478,6.0
14117,19.3
4816,6.8
1665,19.3
5743,15.5
6625,9.0
2582,-0.4
4520,11.4
8211,22.5
4089,7.6
724,7.8
8060,6.8
3484,13.6
11910,18.9
1153,6.6
10551,9.4
15159,17.3
4540,13.5
447,5.2
1791,10.8
4629,20.8
7222,12.7
10434,17.7
10466,16.7
2820,13.0
944,15.4
2168,6.1
5421,13.0
4237,18.5
2333,12.6
6037,19.6
875,10.2
12262,18.1
11665,1.1
10297,10.4
11987,11.6
1315,19.6
14440,22.8
6321,9.8
11477,19.4
9830,4.0
10117,20.2
6753,13.6
4191,15.0
13109,10.9
4244,19.5
8139,7.0
14277,5.8
11550,19.1
12958,19.3
14808,20.2
7413,6.6
2133,8.8
11306,2.3
6712,17.8
1626,12.2
13973,11.8
9195,7.5
1237,14.3
4215,20.5
6178,8.2
10446,16.8
4731,1.1
6021,19.5
9332,18.8
14992,4.6
3656,8.0
1355,19.4
979,17.5
3116,20.4
5740,11.6
1097,7.7
13060,15.8
1018,7.0
9253,12.8
13563,4.6
1705,16.0
11913,19.1
11065,10.9
12170,12.4
2858,8.6
8732,10.8
2075,13.6
6594,5.2
11896,19.5
9066,6.3
11567,16.1
12070,5.9
13148,2.2
9617,18.8
2067,20.3
3599,8.4
1508,1.5
13205,9.3
2715,13.8
12828,7.8
15103,17.1
1566,10.8
4015,5.0
7886,18.5
1602,10.6
321,6.0
3256,5.3
13723,18.9
3836,17.5
4960,22.5
6679,10.0
10494,14.0
4351,6.2
12446,7.2
9284,15.9
9289,21.0
12212,14.3
6750,14.0
263,10.5
3290,8.6
15063,5.8
8303,12.4
13806,11.2
10795,16.8
11783,16.7
2753,23.2
8892,12.9
3733,8.9
11973,15.7
8524,9.4
8117,8.7
131,16.0
5261,13.4
14861,13.9
9623,12.2
14165,15.2
5763,12.2
6929,6.3
2091,12.8
5279,15.0
12810,5.4
11957,16.8
2619,3.8
1024,6.2
12811,7.0
3562,10.0
3833,15.8
7459,14.6
11898,17.3
13007,16.5
9636,15.9
10557,8.8
12402,9.2
7053,12.2
5382,9.4
6366,22.5
13869,8.0
110,8.0
2442,15.8
7078,17.2
2522,2.5
10649,7.4
3410,11.4
10315,7.4
7120,16.6
9297,20.9
12407,7.6
7599,12.6
6896,12.0
4546,14.7
5125,5.7
7983,8.2
12498,3.6
967,18.6
12924,14.5
1945,10.1
10132,18.0
3680,8.4
4614,19.8
95,3.1
14204,12.3
11202,16.9
2611,0.2
6660,11.0
2818,11.0
9957,7.0
219,15.7
12837,9.7
59,3.5
14357,12.2
2548,8.0
14855,19.1
3545,12.8
13625,11.4
8507,10.2
6745,11.8
4950,20.3
7258,6.1
461,8.8
11936,16.9
4046,6.4
4093,14.4
5038,4.7
3344,3.4
14709,8.8
6586,4.8
3455,13.9
11225,14.3
5001,15.2
11298,9.1
398,6.7
6572,0.4
13560,2.2
9677,17.4
2375,18.8
14759,17.9
3886,17.9
9057,9.8
10531,13.4
9411,11.6
12823,7.5
8192,15.2
9246,14.8
8673,15.4
330,11.2
1786,1.2
812,8.6
1978,12.2
1694,21.6
613,16.0
1282,18.8
7988,5.0
12642,18.2
8678,13.3
8969,19.9
4635,18.2
12932,15.8
10370,19.8
10908,7.4
8563,14.4
3997,5.5
14453,19.6
11552,17.3
8606,17.0
3222,9.2
11497,19.8
7259,4.0
12726,8.4
8821,8.2
15058,8.0
5431,7.2
12030,5.9
6705,12.0
10383,14.5
2029,20.0
5582,5.9
4676,6.6
7883,19.6
8064,2.1
3859,22.2
3813,17.1
335,11.8
8852,9.8
5286,14.6
14914,11.8
2692,10.1
12557,13.7
3369,9.0
7690,5.0
4106,11.0
12599,20.7
10063,24.8
8788,7.0
11719,2.9
5948,11.2
8631,21.6
8769,2.4
2664,6.7
3702,11.8
11646,5.9
8480,13.2
1731,17.2
2622,5.0
13810,10.0
6348,9.4
2318,13.0
3107,20.4
13282,10.2
4685,12.0
1166,7.4
1451,0.8
6086,18.0
2966,3.2
10996,2.0
12008,10.0
12896,11.2
4984,16.2
11360,4.6
6729,16.2
12567,10.4
7399,13.2
3070,14.2
1943,12.2
10423,19.8
4187,17.4
14703,5.7
10144,18.4
11155,16.7
1347,17.9
11281,13.6
316,2.4
9085,7.9
4231,26.2
8538,16.0
1208,11.4
5814,9.2
424,7.2
554,13.7
2992,2.6
1954,7.5
8011,10.7
9469,6.1
1511,1.2
9870,
14447,22.9
11746,4.0
12032,5.1
7038,8.6
10323,10.2
8939,19.6
6158,11.6
12629,18.8
12207,11.8
3692,7.1
2596,-2.4
7563,14.6
573,17.4
12452,4.6
7333,4.3
13825,6.1
