,mean_temp
4536,10.8
8146,6.8
8413,7.2
927,17.0
5145,5.0
3946,15.2
7726,5.2
14118,21.1
1056,12.9
12553,10.3
11978,10.8
11994,14.9
5407,6.3
3996,3.9
7529,18.2
14342,10.2
12334,9.9
10290,9.0
5608,12.6
9293,17.8
9559,1.6
1270,17.0
3322,6.3
566,15.0
12133,12.2
1989,15.6
1402,12.5
2473,12.4
8692,6.4
5465,9.7
9000,22.2
8083,4.6
9544,3.2
12205,17.1
9267,17.4
10982,4.0
4106,11.0
13461,12.4
14150,17.8
13824,4.8
8138,7.9
9929,9.8
8829,11.2
12388,2.5
3902,19.8
3210,11.5
4280,10.8
7801,14.4
7202,17.4
7001,11.6
9441,10.0
12849,11.7
7046,6.2
1226,12.2
15112,14.4
3325,5.4
1562,5.2
7895,19.4
1087,-1.6
15156,16.2
937,18.2
5376,14.6
3474,15.6
12267,18.9
3595,3.4
4074,9.4
6896,12.0
12374,9.3
6186,2.0
7636,10.0
4546,14.7
903,15.8
8918,18.7
10543,6.2
14344,11.3
8303,12.4
10051,19.2
9329,20.3
1659,23.1
10125,22.2
2807,12.3
8521,11.0
7268,6.0
2760,13.7
13469,13.9
9572,15.1
5181,5.0
1350,17.6
14559,10.0
14168,17.0
4974,14.7
1624,12.8
2025,20.2
12640,18.1
102,12.8
3501,15.4
2512,4.0
11564,14.4
15187,27.2
11627,10.9
12030,5.9
251,18.5
736,2.4
5723,15.8
2614,-0.6
5013,15.8
1493,3.8
9820,1.6
2227,5.2
11176,19.0
9806,10.8
14730,12.5
3334,4.8
2344,16.4
12344,14.6
14205,14.1
13369,19.6
11283,10.6
1957,8.8
5516,6.4
15206,17.2
4469,8.4
11319,1.7
6831,13.0
15298,9.2
2145,3.0
15219,13.8
11629,14.6
10127,18.2
3646,9.0
150,13.8
9317,15.3
10355,12.4
4153,15.8
932,20.4
4526,13.2
8047,5.8
3043,8.8
5921,6.2
5274,20.4
14753,16.7
11135,21.0
10567,9.4
10670,5.2
8071,9.4
10104,19.4
14408,16.4
12229,17.2
4653,10.4
9562,3.0
12813,4.7
387,6.1
7983,8.2
4156,12.0
4162,11.4
12251,18.8
7762,10.4
13820,7.2
12993,21.5
7406,9.8
6569,-0.5
10978,3.8
6611,7.2
3297,4.4
8534,13.8
3669,8.8
8310,15.6
11311,-0.2
2312,9.7
7746,9.4
11318,5.9
1606,11.2
4398,2.6
7372,6.4
11989,13.9
3463,19.0
10303,8.2
11488,13.9
88,5.5
6621,5.9
5908,5.4
11675,-2.8
13983,10.8
4202,14.7
12433,1.3
12781,5.1
2448,13.2
4639,19.0
339,11.7
5950,10.0
9373,16.2
7213,15.4
12207,11.8
9097,5.3
4168,18.3
10996,2.0
7603,11.1
9723,17.6
9575,11.0
764,5.3
6108,15.1
4410,3.8
6131,15.8
15294,12.8
2236,-2.5
1889,3.6
1799,4.5
15332,12.0
10163,14.7
1720,15.0
5503,8.5
2813,13.4
5225,10.4
3469,17.5
511,13.6
5888,8.5
6874,8.4
4902,16.2
99,11.8
13945,8.1
7728,8.6
12007,7.9
4606,18.1
5118,6.9
10038,14.6
1935,13.2
379,-0.1
3774,15.2
1533,9.5
9960,6.3
2559,3.5
4660,11.2
2957,9.0
12404,7.1
8797,3.2
850,12.9
14665,10.3
5725,18.5
9742,20.6
8951,15.6
6586,4.8
13206,4.8
4127,8.0
14113,19.4
9356,18.8
8904,13.7
9353,21.6
12859,9.8
4794,4.6
1953,8.3
13328,19.6
3592,5.4
11360,4.6
5344,19.2
8886,12.8
47,-1.2
7573,14.8
11247,9.4
2154,10.4
10490,17.8
4101,6.6
6214,8.2
12471,1.4
7741,8.7
10189,10.4
9809,9.0
11408,10.4
14702,5.9
7936,19.4
8710,12.8
8500,8.9
3371,9.6
5653,21.9
7201,19.4
8585,14.9
9530,7.0
1310,22.0
10707,13.1
14286,4.8
4265,14.8
2943,5.2
14265,5.9
12136,13.4
6070,22.0
476,7.8
6400,19.6
14100,14.6
3745,6.0
411,6.0
14691,10.5
10514,13.7
9902,2.4
8583,14.8
4981,17.2
4048,8.5
8019,4.6
4862,11.0
12694,16.3
8695,14.6
13936,10.4
3909,12.6
6842,17.6
4351,6.2
4028,10.5
2140,12.0
1805,-0.9
13382,22.9
15048,10.1
8949,16.7
1254,21.0
8439,8.6
13828,7.3
1061,9.2
12945,16.6
15083,11.3
10158,13.0
1213,12.0
2546,11.3
11936,16.9
13994,6.0
10064,24.6
4015,5.0
3679,8.0
4274,16.2
12245,16.0
12081,3.1
14485,16.8
3942,13.8
10956,-0.3
12822,7.3
2232,-2.6
11270,5.8
6862,9.6
12230,18.1
8598,17.5
2254,6.8
3260,5.9
3111,17.6
4755,9.6
13167,1.9
7089,15.0
10594,2.4
9891,3.8
15230,17.5
149,16.1
6423,15.7
5697,20.4
9057,9.8
1119,2.9
6834,16.3
5688,19.7
2021,17.0
6551,4.4
4013,6.4
10115,22.1
3087,12.2
9311,17.4
6725,16.7
3678,6.6
10997,3.4
169,19.0
5165,5.5
15340,-0.8
10760,15.6
3077,11.7
6561,8.2
1655,23.4
12698,15.1
9618,17.3
5657,20.7
11522,22.4
1617,14.4
5902,7.8
6264,6.2
925,18.5
13753,21.2
4441,5.8
4708,4.4
14369,15.5
8677,12.8
9372,15.4
3903,19.3
12665,21.1
5117,1.9
14119,21.1
10182,9.2
5853,8.4
351,5.3
5396,12.4
11783,16.7
8765,7.3
10063,24.8
14173,14.2
4040,9.8
6032,20.9
9674,19.2
12577,13.8
7275,3.6
14366,11.9
12449,8.4
3422,17.2
9585,9.3
10946,8.0
4903,13.4
6067,24.0
11825,16.6
3694,4.5
6017,15.8
8798,5.2
12947,19.7
9425,12.2
9743,23.0
11390,5.0
12837,9.7
542,15.2
8658,16.3
914,14.0
907,12.2
9713,18.0
7968,13.2
7048,9.3
10924,6.0
12992,18.5
3527,16.8
2337,17.0
9553,2.6
10057,20.0
1598,11.8
5852,5.7
10170,7.5
4139,17.6
4764,1.2
9534,4.8
7386,10.8
1107,-0.6
15087,14.3
7447,15.0
1086,0.5
8248,21.8
5960,8.8
10690,5.2
2183,8.0
6194,4.6
895,19.8
3366,9.9
8825,9.0
6951,9.6
3207,11.1
5945,11.5
5125,5.7
11917,14.8
13534,2.6
13937,8.2
4110,5.2
13481,8.8
5202,10.8
2864,6.8
6259,-0.2
10003,12.9
4807,9.2
8574,15.7
8679,15.0
2771,13.6
12747,5.8
15056,7.4
6066,24.0
4342,3.7
11635,7.0
8612,19.7
15207,21.0
13720,19.4
10228,6.8
1547,4.0
4111,3.7
15326,8.9
8878,12.6
4706,5.9
5340,19.2
12451,4.1
7443,16.4
8140,9.6
7656,3.4
12235,15.0
9982,10.8
13517,8.3
13894,5.0
5196,5.6
3944,15.6
6948,12.8
9239,8.9
1326,14.4
12856,9.7
12597,16.8
7220,10.7
7971,13.9
8136,9.0
2519,3.9
1475,8.8
2683,10.0
13512,11.7
9197,5.8
9615,14.2
12125,7.6
6424,18.2
2906,4.4
1611,17.0
9525,6.0
5174,2.5
5923,4.7
4397,2.3
7015,10.3
884,14.8
15081,12.1
5090,6.2
4625,20.8
735,2.0
8153,11.2
7887,18.2
758,7.2
1393,9.0
11175,20.3
2357,11.6
3755,10.5
2498,3.0
2150,6.4
10172,6.6
14250,3.4
3289,7.9
1489,7.0
7309,12.4
5922,4.9
13784,14.4
9238,11.2
293,10.6
2726,17.0
13308,11.4
5107,1.8
9393,13.0
14703,5.7
6141,13.3
487,11.4
290,12.2
3169,16.2
12532,14.4
8147,8.0
101,10.1
13437,12.2
6550,4.0
1323,18.4
3509,16.3
4740,4.6
14506,20.2
13354,16.6
14571,4.7
14188,6.8
286,13.1
8249,17.8
14590,5.5
3341,3.7
12214,12.6
11528,21.1
6473,14.6
12902,12.8
5163,7.0
3836,17.5
5639,13.8
7911,16.0
11631,16.1
6350,11.9
6685,6.4
6249,7.0
8630,21.4
11263,9.4
5148,2.4
4031,5.1
4246,15.4
5357,18.0
5659,17.2
6836,16.8
9440,8.1
13692,18.0
13340,20.2
10771,19.4
8137,9.9
357,2.7
13980,11.2
11519,18.2
1962,12.8
11457,12.0
5351,13.4
7633,12.3
4230,23.8
2701,13.0
15059,7.3
12942,18.8
836,10.0
1163,5.9
14750,15.2
11004,7.6
6822,16.2
1744,11.0
11070,13.6
4229,21.2
14246,7.9
7342,3.6
12957,20.1
5999,14.6
11723,12.0
14996,4.3
5106,0.8
4190,15.8
4010,8.8
8460,3.6
6580,1.6
11442,11.6
8255,17.8
8057,5.9
12349,12.9
8768,6.4
1006,8.2
6291,11.0
3938,14.3
14439,21.9
1984,16.9
828,11.7
8239,19.2
8349,4.6
8424,9.3
15063,5.8
11274,13.1
10794,15.8
3589,7.4
5828,3.6
12604,19.2
7784,10.6
11710,5.1
2380,18.4
8779,8.8
4463,6.3
1123,3.0
11930,16.1
11549,17.9
12274,19.8
1747,12.2
304,10.0
10814,
9526,6.9
6853,16.0
4442,4.6
2009,14.5
6442,19.0
7558,22.5
12760,8.0
4999,12.8
3063,9.7
8145,5.6
8874,8.4
5927,10.8
10452,17.2
8882,13.6
14376,12.7
7508,17.4
1010,11.4
12638,18.9
12051,8.2
8823,9.6
11273,11.0
7780,12.1
8638,15.2
7662,9.7
8318,12.4
11788,13.5
4962,18.4
1522,7.6
2919,9.1
2189,2.0
14784,20.9
4220,19.6
7087,12.8
12064,10.1
12285,21.2
8358,8.0
11546,16.4
12554,10.2
11277,11.5
9319,17.6
9038,14.9
1453,3.8
3658,6.8
10086,16.0
7682,3.8
9577,12.4
2267,1.8
9037,12.1
3011,7.8
11409,9.1
12514,5.4
10498,
1320,17.5
12892,8.7
12231,20.4
8747,4.9
10910,10.3
8668,13.0
9450,6.1
2798,13.4
9164,13.4
2308,8.6
6730,19.6
11141,22.4
7599,12.6
5549,6.8
5964,13.7
6203,-1.4
6848,20.8
9178,6.1
11313,0.9
2081,17.0
1373,9.5
10801,23.0
5936,12.5
2608,-3.6
3120,15.1
8805,7.8
14441,22.9
2471,12.8
4828,10.0
3447,12.8
1730,17.2
1844,1.7
1623,16.2
5332,18.8
14547,6.7
13712,22.6
5483,5.4
12340,7.4
9623,12.2
11434,9.0
168,18.7
14722,17.4
3060,11.9
9791,13.7
14350,11.9
6330,10.6
8192,15.2
9286,19.2
434,6.0
13920,1.8
14987,7.5
3106,19.0
3733,8.9
8582,15.0
5563,6.9
2315,9.8
14752,16.9
10746,15.2
10129,17.6
14146,16.8
7302,6.5
8950,16.8
6459,16.0
14044,20.4
930,15.8
3522,15.4
46,-1.2
13967,13.1
6367,25.5
373,2.6
9971,12.2
8272,23.4
1470,8.3
3705,6.6
4252,22.8
9251,10.0
10553,5.2
1684,18.6
5034,8.8
9090,9.5
9139,7.1
11153,19.4
1944,10.6
5239,9.0
15038,4.2
5069,5.0
10825,18.4
14720,16.1
9272,12.2
11105,16.8
11243,10.5
6372,16.8
9303,13.6
12888,9.2
8813,2.0
6728,16.4
7503,20.8
14255,5.0
11884,17.3
13502,12.6
6383,14.7
9726,22.0
1022,9.7
9144,5.6
6510,14.8
6618,6.5
14774,15.9
200,17.6
2848,10.5
7528,18.0
3995,4.0
468,13.6
10162,13.4
11617,8.9
12699,16.8
10362,13.2
431,6.0
5714,17.6
8242,21.2
2450,14.1
5651,18.6
12397,4.1
4401,4.6
2996,5.0
15078,10.0
280,16.3
2459,16.4
8602,15.7
4872,11.6
1121,7.4
6392,15.4
5405,6.0
708,2.4
7883,19.6
5434,3.6
12266,18.2
518,13.8
10221,6.2
439,3.6
13901,1.1
11308,2.1
13865,5.8
259,15.4
4688,12.6
4672,9.7
11848,11.9
3045,7.2
11539,17.3
902,14.4
5025,13.8
11268,7.6
27,0.0
5284,15.0
12648,19.9
8485,9.6
7824,17.5
1199,8.6
9728,17.1
9509,5.0
11001,3.5
7523,20.6
4250,18.2
3016,9.0
9990,14.0
11960,20.5
1807,2.8
1748,11.2
15175,18.7
12368,6.0
14065,22.0
11680,0.7
10450,17.8
7317,5.4
3098,16.7
5226,12.5
14647,8.3
4462,10.7
4244,19.5
11316,4.9
3997,5.5
3274,8.0
4291,12.1
2319,12.5
13173,3.9
2157,6.8
14714,9.8
7428,14.4
1632,17.7
10908,7.4
7655,7.1
2119,11.2
9035,14.0
7791,12.0
1534,5.6
8559,14.0
12269,17.8
13096,10.0
8673,15.4
9507,10.2
3021,7.4
4475,8.8
12400,1.5
14632,1.6
11257,15.1
9930,6.4
9995,13.6
9289,21.0
4721,6.8
3948,14.6
4231,26.2
8215,18.8
1697,19.8
12024,7.7
6625,9.0
2677,12.4
8509,10.1
14967,9.8
2444,17.0
123,4.4
12102,3.7
11976,11.4
4288,13.4
11054,11.6
6507,15.2
12028,6.8
3154,23.5
273,14.3
9451,9.8
13200,4.6
13880,7.5
11762,8.8
10588,10.7
4034,8.4
2921,8.9
8193,13.2
7606,11.6
8250,19.4
15286,9.7
14943,3.1
7722,4.6
6148,9.6
11804,12.8
12692,14.6
794,4.7
14794,19.4
4786,4.6
8388,2.6
7826,13.4
2310,7.8
5205,6.3
10223,7.7
1766,13.9
10546,3.1
5873,5.5
10838,15.8
14897,14.1
12498,3.6
2020,17.2
11113,12.4
2680,11.0
13297,11.9
19,3.1
13938,4.4
11474,13.6
10216,-0.8
13012,17.9
9232,7.5
6650,11.4
3991,6.8
5681,22.2
3852,20.2
8959,21.6
3652,7.2
11146,16.3
4436,8.8
657,7.0
11392,4.1
8818,5.4
12896,11.2
14493,16.9
2034,21.6
2323,9.3
11267,10.2
2684,10.8
9349,21.6
1034,11.2
12341,8.6
13509,14.0
2214,2.0
15324,8.6
15200,24.9
12996,20.6
7234,16.6
4087,12.0
11949,14.1
2629,6.2
14498,20.8
9156,3.4
9336,18.8
10930,4.8
13197,5.4
9529,7.2
5778,8.8
10186,7.1
15160,18.0
4985,19.1
10317,11.6
1035,12.6
862,14.3
13896,3.3
8157,10.9
2856,11.4
12139,12.1
3680,8.4
4194,19.4
188,18.0
8343,8.4
2595,-1.1
6435,18.8
13027,15.8
3233,6.8
608,15.4
10830,17.5
3684,3.1
10071,21.5
15082,11.9
9075,12.9
1372,11.8
3842,16.7
8855,9.2
11599,14.8
218,19.6
11162,17.0
360,6.9
6504,14.0
5762,12.8
13588,5.5
327,4.4
8687,10.2
4871,9.0
5910,4.8
12549,10.5
13376,16.1
12749,6.6
13449,13.9
15292,11.2
3689,11.8
7364,10.2
13984,12.3
2128,14.8
11733,5.8
8627,22.6
10042,20.7
15027,11.7
14345,8.8
13574,8.7
14351,14.5
13661,16.6
9863,6.4
12752,7.2
8360,9.2
4100,10.8
12988,22.9
14162,13.8
13444,12.0
12812,4.8
8670,12.4
5568,8.8
4717,9.2
12130,6.5
2676,9.6
12671,13.1
2184,8.2
9787,11.8
7820,12.5
12069,3.1
9584,8.0
11454,7.2
2562,1.5
13037,14.4
2769,15.6
3323,4.3
7346,1.1
12499,4.0
6888,9.3
4115,7.0
6307,9.4
1530,7.0
5890,7.6
3269,1.5
11803,12.0
7985,9.0
6916,10.8
4170,14.3
14374,13.9
1688,19.8
9217,6.7
5863,6.5
9724,18.6
5022,12.4
7844,16.2
12152,9.9
12320,13.2
5140,5.5
13840,10.2
13302,15.8
12590,18.8
4730,-2.4
3562,10.0
10259,8.6
2991,3.2
14673,7.7
9314,15.6
4130,12.4
4339,10.2
385,4.8
6209,3.8
7781,11.8
6562,8.2
10777,16.2
311,6.8
7729,7.8
6018,13.7
4787,6.2
9102,8.4
8899,10.2
10610,11.2
10287,6.6
11553,17.0
4123,7.2
1053,8.4
4417,0.2
1869,2.8
10920,3.9
10143,16.9
9830,4.0
13853,3.4
9022,18.6
353,3.4
11079,12.8
7477,13.0
8061,6.2
2095,12.0
9920,4.0
3691,8.3
10072,21.8
12826,6.0
14,3.8
6071,24.1
9482,6.6
533,13.8
11841,19.3
7924,21.6
1411,10.4
9737,19.3
10198,9.6
13585,6.2
12709,14.3
13252,14.0
7886,18.5
9030,19.0
3601,14.4
1911,8.0
568,15.6
2002,17.8
6850,15.1
31,5.2
11354,2.3
121,4.6
14826,21.2
15023,7.9
13034,16.3
7438,14.0
10911,12.6
732,8.2
11784,14.9
10474,18.2
79,5.7
2099,14.4
5076,10.1
410,9.4
9173,9.5
1370,15.1
6415,18.6
5294,20.2
8229,17.4
9066,6.3
11098,13.9
9316,14.9
12273,19.2
12686,17.2
9431,9.8
4900,17.5
12753,5.3
2122,12.2
14186,10.2
9231,8.6
5082,10.0
3833,15.8
5838,8.7
9334,20.8
8184,16.8
9264,13.2
5477,7.2
14190,8.1
9132,4.6
14811,18.8
14620,5.3
6061,20.6
11074,8.8
8168,18.4
8573,16.2
14264,3.1
8455,5.6
11535,19.3
3025,9.0
6921,4.2
2704,10.8
2518,5.2
13950,10.8
7591,10.3
14401,16.0
13435,9.6
3710,5.1
2088,15.2
12797,5.4
3467,17.8
14115,17.2
455,8.4
8911,14.1
14410,17.4
2086,14.5
14298,1.9
13552,7.8
4747,7.2
11265,9.1
15282,8.8
14805,17.4
13735,15.6
13792,14.5
4148,10.2
6532,2.1
3668,9.0
9284,15.9
8299,13.2
10792,18.6
9612,11.4
173,14.9
10510,11.8
50,1.6
13655,15.4
10336,12.8
8276,17.0
9981,9.8
399,5.8
749,4.2
15208,20.8
8384,2.7
2678,15.0
6178,8.2
8817,6.2
6684,5.7
13090,9.9
14760,17.5
1039,6.6
9895,
1139,9.0
2796,12.6
12540,11.3
10550,7.6
8743,4.0
15130,13.6
4767,5.2
10938,2.6
7879,17.7
9261,16.0
10752,20.1
12395,4.9
14302,-1.2
1739,13.3
8177,13.8
3822,21.2
7615,6.8
9563,5.2
6482,14.2
15240,18.9
12716,15.4
5129,11.2
2998,5.5
14871,15.1
13043,18.4
1225,10.8
1358,18.1
3613,0.8
3441,12.8
2039,18.4
6118,13.6
5554,5.8
8928,18.1
2481,12.2
14499,13.8
6395,15.6
4081,8.6
0,-4.1
8877,11.6
3314,6.3
3445,13.1
13598,11.2
12414,7.2
13218,8.4
3372,8.3
7324,11.4
12159,6.4
7717,6.0
13504,11.5
11112,13.4
3013,7.2
7515,22.0
1593,12.0
3608,9.6
3978,8.2
1346,15.0
10763,15.5
7562,14.8
3418,10.8
14769,14.8
2495,7.3
13416,13.2
8888,12.2
6000,14.4
9362,18.8
2662,7.8
2589,3.2
10806,20.0
3975,9.4
14902,8.3
12305,19.0
624,17.5
5133,8.7
5385,10.8
8935,20.6
4119,12.8
11430,11.4
8409,3.4
14195,7.5
12339,9.6
12564,12.9
10784,17.3
3717,13.2
4885,12.5
6835,18.0
13390,18.2
1768,9.8
3859,22.2
8,3.7
1722,15.0
3105,18.0
9606,7.9
11059,10.8
8839,6.5
5430,9.2
450,7.0
7628,5.2
5942,8.4
7890,19.4
13028,17.6
4884,15.9
3559,11.3
3776,16.5
7496,20.9
10010,12.8
4403,7.1
7110,21.8
181,13.8
7388,8.5
1321,14.8
8126,12.5
6077,22.4
7621,7.6
9254,11.4
5302,18.2
5478,6.0
5858,9.5
12843,5.4
13562,5.8
1683,18.6
8014,11.2
2231,-0.2
2342,13.2
12493,7.9
5318,17.6
9322,14.2
3821,19.8
8727,9.0
7249,9.3
15001,8.5
1580,11.4
772,1.8
10624,3.0
2935,-4.7
284,14.6
8830,7.3
3184,18.4
394,7.6
4754,9.1
326,8.8
11681,-1.5
4125,7.2
10149,15.1
14461,23.4
7991,4.9
9636,15.9
3069,13.4
3813,17.1
10324,11.0
12701,9.6
2126,7.0
2201,-0.2
14272,9.4
8608,20.2
6590,3.1
1261,13.4
5286,14.6
1662,17.7
4772,1.0
3283,12.1
7416,11.8
8537,18.8
1418,7.6
9630,10.9
6245,-0.4
1714,11.6
3386,3.8
10778,19.2
4602,19.3
13313,15.3
7063,9.5
3964,11.4
9119,8.9
3015,8.5
2215,2.7
1433,6.3
4075,6.2
5893,8.4
14297,3.7
1459,6.0
6660,11.0
5066,4.3
3547,15.5
8550,13.6
2404,16.7
4590,19.5
12622,25.2
1247,20.6
977,16.0
9740,20.6
7963,10.6
6860,9.2
10146,13.4
14993,3.7
9840,4.2
4549,12.8
4635,18.2
9415,11.4
2554,-2.4
4618,17.8
14770,13.1
5474,1.6
2483,12.1
6338,8.3
7704,7.8
12755,6.8
2882,7.7
4447,11.2
14103,19.6
10826,17.4
3706,4.3
6248,2.6
1650,22.0
13199,5.8
6421,20.5
10569,7.6
15139,18.7
12407,7.6
7459,14.6
13136,9.9
10113,17.3
8097,1.6
7702,8.2
9140,7.9
9947,12.2
10633,6.6
12106,12.6
1713,14.8
8273,19.3
4665,15.8
6632,6.4
10044,25.7
4533,11.2
8764,9.8
14513,14.7
8791,8.6
4554,16.6
11880,17.4
5144,5.5
14813,24.6
5050,7.3
10027,16.1
1217,7.4
5716,19.6
9548,3.3
12364,7.4
6630,10.8
11220,17.2
13126,5.8
7456,16.5
177,16.0
6800,20.5
8955,22.2
6302,4.2
12459,4.0
457,7.8
10812,17.0
7959,12.4
12390,5.2
2085,16.0
63,5.4
10619,4.6
7453,18.6
3495,15.8
8085,3.5
2879,11.6
4600,19.7
11137,24.2
10032,18.9
7377,8.2
5532,2.4
14601,9.8
2453,17.2
6436,18.0
12391,4.6
1454,8.5
12428,1.4
11131,19.2
5028,12.5
15025,9.5
9697,20.0
12012,8.0
6162,11.8
5769,8.2
6903,7.7
11980,7.8
13443,12.5
10602,8.2
3208,9.0
4783,8.9
795,8.7
7685,4.7
3288,10.4
5792,10.8
15109,8.9
3753,10.1
7645,10.2
633,14.4
563,13.2
4506,8.6
12022,9.5
12270,17.0
10915,8.5
3721,10.3
8650,17.4
4520,11.4
12758,5.1
11094,11.4
8285,16.0
12049,9.2
11998,11.4
6215,8.5
8251,17.1
11972,17.2
829,14.4
6385,18.8
5871,5.7
9625,8.8
7293,3.9
12452,4.6
7948,13.4
10298,10.0
14073,18.3
11366,2.6
2271,2.6
7585,13.6
6740,14.8
14710,6.8
13172,0.8
10834,22.3
1575,11.0
407,7.3
4333,12.1
9202,3.6
13009,17.5
4685,12.0
3647,11.9
14468,19.4
9452,11.7
6177,6.0
2439,15.7
6884,12.6
9118,5.4
14307,5.8
9305,15.2
14160,14.1
2673,12.0
9161,8.2
8803,5.6
5566,13.0
1740,14.0
11709,2.9
14701,6.6
1385,12.2
10467,17.4
7535,16.2
683,9.1
8836,7.4
1078,1.2
13578,2.9
9629,12.2
13026,16.9
11912,19.0
12055,8.7
11665,1.1
7840,25.4
6825,15.8
3784,10.4
800,12.6
14674,9.8
747,4.2
1921,3.8
13476,5.6
2325,9.9
4556,13.6
8074,5.5
4894,21.4
11812,14.9
590,18.6
9248,14.9
8405,2.8
8008,10.2
7792,11.6
7267,4.9
3387,5.4
1491,7.0
1923,7.0
4353,4.8
9394,16.6
5860,8.8
13907,6.1
8720,8.5
6489,13.0
4046,6.4
8570,16.2
8863,4.4
15192,21.2
5654,18.8
11341,6.1
8278,15.1
473,12.8
2177,5.4
1398,12.7
12121,8.1
3429,13.0
6181,6.4
4257,21.6
14084,16.8
7834,18.5
15099,13.8
11866,19.0
2417,17.2
10932,5.0
3101,23.2
12403,7.2
8171,13.3
13638,10.6
9403,14.6
10190,11.6
14893,15.3
586,18.0
3877,17.6
12860,10.5
13782,18.0
11646,5.9
9910,4.8
8943,19.0
7464,12.9
11920,18.8
3707,4.1
3316,5.3
13727,15.6
5364,17.6
2405,15.6
12190,11.1
10732,10.6
8499,6.9
7779,11.4
6270,5.4
3205,9.3
10564,10.0
10476,20.2
12538,9.5
8331,12.8
3465,14.4
3379,9.8
3421,16.8
4649,16.4
8221,24.8
3059,10.6
9693,19.4
4093,14.4
2334,12.4
7403,13.0
993,15.4
11068,13.3
3461,17.6
14166,17.9
2531,7.9
6885,10.8
10957,-0.8
11012,9.8
6433,17.2
1071,5.2
5826,4.8
5489,7.6
811,9.4
8655,18.9
12948,18.5
3307,2.3
12441,1.0
7387,10.3
1983,14.0
11740,6.3
15084,12.4
13385,15.1
5079,8.4
7205,16.8
751,6.6
2351,13.9
2974,4.2
1795,4.2
14537,12.3
10200,10.8
4779,1.2
7773,6.4
7039,6.4
12487,3.4
6335,9.1
11924,17.3
10622,6.6
11931,16.0
9148,3.8
14087,18.1
8423,9.8
4073,9.0
13149,7.1
12508,1.8
8005,11.3
7864,17.2
10034,15.8
11719,2.9
12263,15.0
6126,16.6
1488,9.8
14898,13.0
8898,8.4
11678,1.0
4960,22.5
15275,9.5
7341,7.7
5350,12.5
2250,6.4
962,17.2
7828,14.6
377,0.2
1803,9.4
5512,6.4
9351,24.5
11287,9.1
1586,15.2
9142,7.4
10242,9.9
10005,12.0
1743,14.8
9624,9.8
2859,10.8
7799,17.8
2616,-1.3
12292,16.9
14525,12.0
8380,3.8
7025,12.4
11405,12.6
5794,11.7
2894,12.5
7663,5.6
8541,15.6
3,-2.6
14509,11.9
8170,14.5
14950,9.3
9751,
15177,16.4
2270,0.6
6558,3.1
11628,12.5
960,17.4
13771,23.6
10950,7.6
12959,16.4
1769,9.8
9812,8.8
8114,3.4
8628,21.6
8873,15.6
8506,9.2
14758,14.2
7580,11.7
4295,14.2
5404,8.2
10418,17.0
11526,17.4
2876,9.0
1114,6.4
4038,9.0
6505,14.6
5928,10.0
7514,21.2
3221,12.4
9426,13.8
4187,17.4
14688,10.6
8394,5.1
9962,5.4
13343,19.9
6830,12.3
7283,8.6
13336,19.7
1579,9.6
11406,12.7
8131,10.7
7664,5.4
2909,4.5
6741,15.7
10364,17.0
2301,7.8
12863,9.7
5711,18.0
8478,9.4
2054,19.4
13214,11.0
3268,3.5
6321,9.8
10394,16.8
12090,2.6
3838,21.3
2968,1.2
720,5.4
8735,10.0
970,20.7
11572,16.3
12082,2.4
9646,14.2
15043,7.8
9912,6.0
9818,2.6
388,3.5
15024,5.9
5271,19.8
8361,10.2
7627,5.2
10879,12.6
10266,3.2
315,5.6
6843,17.6
12811,7.0
4731,1.1
1328,15.2
5358,16.5
13023,19.6
4950,20.3
12593,13.9
5155,3.0
1862,7.2
2955,6.2
4035,5.0
3014,7.1
605,18.2
13076,15.1
2626,5.7
1026,6.2
13969,14.1
6920,7.2
8280,18.9
3971,8.9
15155,16.9
3698,8.2
12933,14.6
2216,4.0
7512,17.2
1368,11.6
5612,15.8
1253,20.3
7042,4.8
8204,13.6
2069,21.6
15086,13.5
6912,4.3
5359,16.0
12396,6.1
6969,4.6
14271,7.2
13045,20.4
2348,13.0
2536,5.7
3780,14.4
2788,14.6
5605,12.4
425,7.4
2124,13.2
9438,12.4
9258,12.2
1111,2.7
4965,19.6
4738,11.6
7444,16.6
637,15.2
248,19.2
6027,16.6
13286,12.4
4826,9.3
7990,5.7
696,3.9
10708,14.6
15037,6.0
8834,10.6
12009,11.9
13529,1.8
1236,15.6
10909,8.1
5361,13.2
8483,7.5
1516,5.6
8614,17.8
11727,5.5
12560,12.4
14534,13.7
1011,13.2
70,7.2
13978,16.5
9979,11.1
12366,9.7
4193,19.2
9162,11.1
8897,10.9
1178,6.0
8860,12.0
7277,2.6
6247,1.9
8165,16.0
8776,0.9
6596,5.3
12674,16.9
3404,9.8
11047,11.1
7195,11.5
6734,16.5
14280,2.8
14313,9.8
3910,16.6
6723,15.5
11979,8.9
41,2.4
167,17.0
13736,15.6
3248,4.8
7873,17.2
5224,13.8
6494,13.4
7146,16.6
5046,8.8
6454,18.6
8023,7.9
7191,18.8
7150,17.8
1083,-1.2
8675,16.9
4024,6.8
7696,0.8
2656,4.5
805,6.6
12408,8.1
11216,17.2
6554,4.0
7753,10.9
3437,12.8
10425,18.6
2499,7.0
14011,16.2
3702,11.8
14142,13.8
9858,0.3
12970,17.9
10714,10.2
13583,7.4
3781,14.2
2805,13.2
4614,19.8
6679,10.0
9205,11.0
6805,24.8
6839,15.0
3058,10.8
8443,11.8
6967,3.6
10855,14.1
8351,9.4
2900,3.7
8025,6.4
14327,8.2
14979,7.8
10275,7.0
14724,12.7
6987,8.8
170,19.0
11331,-0.9
217,19.2
13468,13.2
7733,4.3
13279,16.4
3984,1.4
3643,10.8
2012,19.0
6669,12.4
11747,4.2
11897,17.4
2655,7.0
7671,7.9
10637,5.4
7414,8.8
8774,1.0
9063,5.8
13228,6.4
8009,12.4
900,12.6
10369,17.7
184,18.4
11160,19.0
2087,13.7
4693,8.6
10845,16.3
9875,8.1
6492,12.6
14727,10.9
8749,6.8
592,20.6
3479,16.2
4750,10.2
14939,11.6
15169,19.4
13271,14.7
8355,6.2
13537,10.6
538,12.8
10218,1.8
14063,19.9
11948,12.2
12160,10.0
13463,14.5
14965,8.3
3623,3.2
9056,10.2
7588,13.4
8241,20.2
5437,2.0
6455,18.3
4785,5.7
4751,8.9
10531,13.4
12419,5.7
5421,13.0
3532,14.2
14134,14.9
3820,21.0
3214,12.8
14802,21.3
13257,8.5
4561,15.7
6220,9.4
10689,4.6
5459,6.8
12164,8.9
10604,6.9
7040,6.3
465,8.6
9861,5.4
12008,10.0
13160,8.0
113,9.0
5601,13.4
13567,5.6
35,3.7
2288,9.7
5848,4.2
5460,7.4
2019,16.8
15162,15.8
868,10.9
11188,21.5
15,5.0
9502,8.4
10114,19.0
11872,19.5
11993,11.6
14518,11.8
12367,9.3
5458,5.2
8610,25.2
6114,10.3
5206,6.0
7752,10.0
9671,21.6
6187,-0.9
7520,21.4
11212,16.9
8268,18.0
11525,18.2
8216,19.4
4336,11.8
7176,16.0
15258,9.5
1851,4.2
8528,12.0
12980,20.8
2791,14.6
14646,8.6
13830,6.6
6735,20.2
7855,16.8
11231,15.3
8441,9.6
10447,16.8
8788,7.0
5646,18.4
10881,11.7
7157,19.2
9468,4.2
83,10.2
7152,16.8
4800,4.9
2452,17.4
3204,9.4
4045,6.2
1002,12.0
3954,13.3
4459,7.8
13231,7.7
4149,13.0
7095,14.3
3989,3.2
12708,13.9
535,16.0
8144,5.4
1482,5.4
12470,1.4
14511,10.5
5098,8.2
12748,4.4
10730,11.7
5707,16.6
1483,5.3
11320,1.9
14101,16.6
10489,16.7
7541,19.9
2406,15.6
2585,2.0
8289,14.0
14269,8.6
11991,15.9
1858,6.4
14954,6.0
247,16.8
3955,13.0
6271,6.1
11583,12.3
8246,23.5
8054,-0.9
8625,19.4
4226,20.5
14156,12.8
14019,11.7
7248,5.6
13129,7.8
2167,8.1
3508,19.9
8233,16.7
14226,3.9
13780,14.8
8196,12.1
4043,5.2
8934,17.2
872,12.4
11580,13.7
13248,13.8
4564,17.2
135,17.4
3857,24.7
14332,5.2
5766,13.0
3752,11.2
1043,6.6
14211,4.8
1085,0.8
13455,11.2
7495,19.9
4026,6.8
2932,-4.4
5955,9.0
2112,13.2
1351,15.8
7168,19.8
14729,12.1
866,12.0
12233,17.6
10711,9.1
274,13.6
2298,11.4
11180,20.4
1147,4.0
11833,14.1
9679,19.2
13968,16.6
6832,14.6
2478,11.5
9627,7.8
8875,10.8
3616,0.8
1904,4.2
833,10.4
6956,5.9
9887,3.0
3519,17.0
10981,3.1
7319,7.9
1175,5.4
3889,18.6
7290,8.3
5479,3.7
4395,1.6
11055,12.2
2609,-2.6
2714,13.2
3299,6.7
13706,18.7
7441,11.8
8594,16.8
14287,3.1
1197,5.4
429,3.8
2993,1.0
3708,3.8
10078,20.9
8473,5.7
9772,11.1
7034,11.2
14496,19.6
9269,18.3
13396,12.6
11136,21.2
1964,11.6
8494,13.3
10991,-0.6
2861,11.2
4374,9.2
8447,5.6
299,9.1
2109,13.0
2874,11.2
4303,18.5
11819,13.4
13189,5.4
15002,5.4
6584,0.4
5748,14.3
2913,2.8
11230,15.8
14850,17.8
1190,13.8
5386,10.4
13004,18.6
15321,8.4
119,8.2
9834,7.2
14680,7.8
6205,-1.8
4301,15.7
1723,12.8
5815,10.0
6867,12.5
2360,14.0
8786,8.7
15256,
12029,8.0
4819,8.7
11353,0.3
6700,6.6
7955,10.8
10020,20.0
376,0.4
9390,13.3
7144,16.6
704,6.5
7586,15.0
9025,19.8
10877,15.1
8390,3.7
8657,17.2
11245,12.4
9538,8.9
3617,2.7
5715,16.4
1450,5.8
10132,18.0
7681,8.0
12142,11.8
9921,1.4
10866,14.4
11217,14.6
2988,2.4
5773,15.4
7539,17.4
11852,16.2
9192,2.5
13425,12.7
1934,11.1
6112,14.4
1634,17.8
9265,14.4
7482,17.2
1430,2.0
10903,
6341,10.7
4097,10.4
11781,9.5
2927,4.6
12829,7.9
7899,18.9
12914,11.8
9081,11.3
2449,13.0
33,0.9
11357,6.0
11295,5.5
4189,13.6
11625,11.7
9157,3.8
2638,8.8
3704,5.5
4870,9.0
13747,19.1
1297,17.4
9871,7.0
9224,10.5
6866,16.4
15032,5.6
9782,13.8
908,12.0
5156,3.6
11987,11.6
12359,7.6
14831,20.1
3434,13.6
14487,16.9
4069,10.8
14657,9.4
5245,14.8
3425,9.4
4513,11.6
111,8.7
12958,19.3
1701,16.6
1783,6.6
2543,10.2
5665,16.8
4414,3.4
978,16.8
3035,14.8
5847,1.2
14393,15.9
10892,8.4
9954,9.2
9003,18.8
4489,5.2
8819,7.9
9402,16.5
6536,3.6
6762,20.6
9599,9.9
1408,12.8
11874,16.9
15104,17.8
10391,18.8
12782,6.4
11110,18.6
7553,20.4
4058,8.9
3550,10.2
14635,7.8
12881,9.7
11763,6.9
12443,1.6
6011,14.0
8197,12.0
396,3.2
14158,12.1
14203,8.4
9481,10.4
2366,15.4
8649,19.2
12351,13.1
11281,13.6
13106,9.4
1599,11.0
5640,13.4
11904,20.0
817,13.9
7289,8.7
6173,10.2
14278,3.8
3213,14.7
216,17.0
10769,16.0
10905,9.6
6192,3.4
13236,11.5
6717,11.8
14491,16.6
3275,9.6
11042,11.2
7677,7.4
611,17.6
1512,2.2
13541,6.8
11155,16.7
9420,9.8
10870,12.0
11496,20.6
12123,10.9
8159,9.6
14870,13.9
14957,6.5
5861,6.5
8015,11.8
5821,6.6
11891,15.0
5514,6.3
763,4.4
2751,20.2
10388,18.0
5689,24.2
5500,9.2
14978,5.6
10052,18.8
2501,7.0
2390,16.8
7053,12.2
10443,21.8
9706,19.0
8293,14.8
1621,14.6
13952,10.9
8709,11.0
14828,19.6
6817,19.2
2477,12.3
12618,22.6
3485,17.2
3194,12.4
6005,13.2
10609,10.3
13558,4.1
10987,4.4
4315,12.0
11412,5.7
14445,22.0
2816,10.4
9690,22.1
7044,3.5
12612,22.9
11598,15.0
14751,16.4
13134,7.3
653,9.0
11669,1.7
7100,14.6
9147,3.2
15290,10.0
8971,18.4
13020,15.2
3502,15.0
9815,7.3
7344,0.8
14036,13.8
479,10.2
5747,16.0
7065,13.8
4341,5.7
103,15.2
1157,8.8
3193,10.4
10586,7.4
1383,9.0
11595,11.7
8282,14.3
12524,13.2
7756,7.1
11798,19.0
3468,19.5
647,7.8
11315,0.8
13990,11.5
7399,13.2
9520,3.2
9694,21.8
1457,4.0
11986,10.1
2954,1.8
6462,14.6
13630,6.6
10630,8.2
11667,6.3
883,17.0
10648,8.6
543,13.7
12961,18.6
9237,13.2
5221,12.4
12580,13.3
6545,7.6
9392,18.2
11210,15.0
13738,20.8
741,2.4
9143,7.6
10318,12.2
5771,12.5
5123,10.1
2144,10.4
1880,3.3
13513,9.5
12048,10.4
12196,20.7
333,10.0
7932,13.8
11327,-1.9
2286,10.8
10073,20.4
714,5.4
8059,8.4
3393,12.8
5987,15.6
4181,12.3
14480,15.8
5985,13.6
8127,13.6
12478,4.8
12000,12.6
6879,5.8
9754,18.4
13333,22.2
839,6.3
12939,14.0
10926,3.5
7401,9.6
8231,15.1
4863,12.2
6006,12.0
3819,20.8
2884,9.8
6712,17.8
7420,14.0
744,4.3
1965,10.6
5958,14.4
6491,12.8
1142,3.4
7839,23.2
5071,7.6
1206,11.6
3656,8.0
14515,14.8
14883,17.4
15151,25.9
9201,4.2
2802,14.0
8913,17.7
530,16.6
12568,12.8
4201,14.0
14367,10.8
6810,22.0
11364,1.5
9483,4.3
2525,6.0
12078,7.7
11503,21.7
5216,8.8
5337,17.2
11448,11.4
4375,8.8
9632,12.3
13131,4.7
2412,16.6
3692,7.1
9313,15.6
13148,2.2
10208,9.6
7988,5.0
4367,1.0
12845,6.1
5309,18.3
15105,14.8
7078,17.2
10557,8.8
12795,4.1
10372,12.0
15106,8.6
5809,10.6
2117,13.8
4822,9.8
7111,21.2
7923,20.2
15217,14.8
4832,7.0
1183,6.8
14878,18.2
12417,8.2
9002,18.2
5800,11.0
7556,17.3
10841,15.2
4918,12.2
5932,5.4
12365,9.9
12887,10.9
12561,8.7
7593,12.3
14368,14.1
13351,18.8
621,15.0
8973,19.0
6355,11.4
5756,8.4
10649,7.4
13095,10.9
3577,13.8
7307,8.8
9808,13.6
7231,8.4
4963,19.9
13682,16.6
9366,17.8
7074,18.8
10963,-1.0
10000,14.4
8613,16.9
14041,20.1
185,19.3
15154,17.2
13003,19.7
3165,18.1
11974,12.4
10021,20.4
6076,23.0
7391,8.8
14236,9.1
3128,14.5
4105,6.8
6608,3.0
8524,9.4
3651,7.4
8180,15.6
14508,14.2
9652,15.2
13445,12.7
14337,11.2
12964,15.5
8048,4.6
4191,15.0
1594,11.8
2534,5.0
7819,11.8
12209,11.6
13061,10.2
5412,9.8
676,2.4
5080,5.3
6087,17.2
7120,16.6
921,18.6
8414,9.8
1182,8.8
3312,6.6
12777,5.1
12528,8.4
221,15.0
558,14.6
5937,11.7
1327,14.0
6037,19.6
2456,19.7
7731,5.8
3615,1.8
3492,16.2
13496,8.2
10612,11.2
14316,8.2
5674,18.2
2331,14.8
9978,13.6
14266,6.0
2549,9.1
6994,8.2
578,18.0
4874,13.2
5814,9.2
9381,20.8
8645,16.6
11707,2.9
12683,17.2
1665,19.3
6319,16.4
6627,9.8
2582,-0.4
5422,13.8
8822,9.8
7484,15.4
724,7.8
15198,28.4
3484,13.6
13627,7.5
1153,6.6
9608,11.3
13212,6.1
9085,7.9
447,5.2
1791,10.8
4630,19.9
7458,15.0
11785,14.5
11030,10.0
2820,13.0
944,15.4
2168,6.1
9457,9.6
5733,16.0
2333,12.6
10080,21.2
875,10.2
6451,14.6
12153,10.1
6664,9.7
7738,13.9
1315,19.6
3963,7.8
6323,11.6
13991,12.9
5787,11.6
7487,20.0
11124,17.2
4192,13.8
13110,8.9
4245,17.6
8141,7.4
6651,11.0
13634,7.8
13411,14.7
13122,5.1
14821,20.6
2133,8.8
10239,11.0
6714,12.2
1626,12.2
7747,9.2
12737,6.7
1237,14.3
4216,20.8
4817,9.4
6939,8.1
7719,7.6
6023,21.8
14064,19.0
11776,10.5
14686,7.5
1355,19.4
979,17.5
3116,20.4
13948,9.4
1097,7.7
4919,15.2
1018,7.0
4955,18.0
13564,7.8
1705,16.0
13683,14.8
5623,12.1
12981,23.2
2858,8.6
9966,11.1
2075,13.6
14037,15.6
4089,7.6
13379,17.2
9837,3.8
4866,10.6
11102,18.2
14687,9.6
2067,20.3
13825,6.1
1508,1.5
14453,19.6
2715,13.8
10371,18.6
11876,16.3
1566,10.8
9609,11.3
13710,15.9
1602,10.6
321,6.0
3256,5.3
13724,19.8
3837,18.6
12547,10.9
6641,10.2
10495,10.8
7132,16.8
8287,12.3
7337,7.6
7363,8.3
12213,15.2
7807,13.5
263,10.5
3290,8.6
5372,12.7
8304,13.2
5553,6.7
10196,
3865,15.3
2753,23.2
7660,7.1
9731,17.0
9490,3.0
8525,8.2
8781,6.4
131,16.0
12586,17.0
14862,15.9
9753,20.4
5872,9.5
13413,12.0
8296,12.9
2091,12.8
12280,20.5
8290,15.2
11958,19.1
2619,3.8
1024,6.2
8493,15.2
4400,7.6
4003,11.1
11452,9.4
11899,18.6
13008,17.3
14962,9.7
7333,4.3
8784,7.3
12138,11.5
5384,10.4
3950,14.2
7233,13.5
110,8.0
2442,15.8
8852,9.8
2522,2.5
10840,15.6
3410,11.4
10316,
14459,25.4
15029,8.9
11619,7.0
8756,9.4
4842,5.8
13715,26.8
6113,13.7
11321,4.6
13450,12.1
967,18.6
12925,15.0
1945,10.1
10133,17.9
15092,12.8
6922,6.2
95,3.1
14998,6.5
13842,8.6
2611,0.2
6662,7.4
2818,11.0
9096,5.5
219,15.7
11021,4.1
59,3.5
14358,14.3
2548,8.0
14856,17.9
3546,15.2
13626,9.7
4012,7.2
7831,14.4
4952,19.0
13879,4.6
461,8.8
11937,14.5
14405,19.0
4215,20.5
4671,13.6
3344,3.4
4684,11.2
11520,17.5
3455,13.9
11226,14.2
7584,10.8
11299,8.0
398,6.7
3980,2.4
13561,3.6
14341,13.2
2375,18.8
12412,8.2
3887,17.4
8457,10.0
12935,16.5
9412,11.5
7007,4.8
6729,16.2
7768,9.6
8674,16.0
330,11.2
1786,1.2
812,8.6
1978,12.2
1694,21.6
613,16.0
1282,18.8
7690,5.0
13280,14.3
11342,3.0
11355,4.6
13855,9.2
13001,21.5
6298,4.0
5121,6.0
12103,3.2
7466,14.8
4622,19.2
4407,2.2
8607,21.8
3222,9.2
11498,21.2
14860,12.3
12866,5.2
12836,8.3
11772,10.5
11752,5.1
12031,2.6
5493,4.9
10384,15.3
2029,20.0
5584,8.8
4269,14.8
7885,17.4
8066,4.7
3860,19.6
4991,13.6
335,11.8
8991,20.3
10307,2.8
14915,12.0
2692,10.1
11642,3.4
3369,9.0
14018,12.9
8198,15.2
4977,16.4
11237,12.8
12176,8.8
7699,11.6
3576,14.0
11705,5.6
11590,9.7
2664,6.7
3703,8.0
5371,12.4
8481,11.4
1731,17.2
2622,5.0
14370,17.7
7811,12.2
2318,13.0
3107,20.4
13283,11.7
9436,10.4
1166,7.4
1451,0.8
8470,10.6
2966,3.2
6119,14.4
8158,11.8
5899,6.8
15098,11.9
6518,12.2
15060,7.5
11422,12.7
4084,9.8
3070,14.2
1943,12.2
10424,17.8
10302,12.0
6486,12.1
6485,13.2
11156,17.5
1347,17.9
7931,15.2
316,2.4
5180,8.4
13605,7.0
8539,15.6
1208,11.4
10848,14.6
424,7.2
554,13.7
2992,2.6
1954,7.5
8013,9.6
9470,8.2
1511,1.2
5572,8.0
5844,1.4
9088,13.4
12033,7.4
3800,14.2
7181,17.4
8940,17.4
3894,20.4
7589,9.8
5786,13.2
6576,-2.5
2596,-2.4
7565,15.2
573,17.4
5909,3.9
7335,5.4
14460,24.3
